0;2970001518;1
2300000500000007;2970001518;12
4600001000000014;2970001518;13
6900001500000021;2970001518;13
9200002000000028;2970001518;13
11500002500000035;2970001518;13
13800003000000042;2970001518;14
16100003500000049;2970001518;13
18400004000000056;2970001518;14
20700004500000063;2970001518;13
23000005000000070;2970001518;14
25300005500000077;2970001518;14
27600006000000084;2970001518;14
29900006500000091;2970001518;14
32200007000000098;2970001518;14
34500007500000105;2970001518;14
36800008000000112;2970001518;14
39100008500000119;2970001518;14
41400009000000126;2970001518;14
43700009500000133;2970001518;14
46000010000000140;2970001518;14
48300010500000147;2970001518;14
50600011000000154;2970001518;15
52900011500000161;2970001518;14
55200012000000168;2970001518;15
57500012500000175;2970001518;15
59800013000000182;2970001518;15
62100013500000189;2970001518;15
64400014000000196;2970001518;15
66700014500000203;2970001518;14
69000015000000210;2970001518;15
71300015500000217;2970001518;14
73600016000000224;2970001518;15
75900016500000231;2970001518;15
78200017000000238;2970001518;15
80500017500000245;2970001518;15
82800018000000252;2970001518;15
85100018500000259;2970001518;15
87400019000000266;2970001518;15
89700019500000273;2970001518;15
92000020000000280;2970001518;15
94300020500000287;2970001518;15
96600021000000294;2970001518;15
98900021500000301;2970001518;15
101200022000000308;2970001518;15
103500022500000315;2970001518;15
105800023000000322;2970001518;15
108100023500000329;2970001518;15
110400024000000336;2970001518;15
112700024500000343;2970001518;15
115000025000000350;2970001518;15
117300025500000357;2970001518;15
119600026000000364;2970001518;15
121900026500000371;2970001518;15
124200027000000378;2970001518;15
126500027500000385;2970001518;16
128800028000000392;2970001518;15
131100028500000399;2970001518;16
133400029000000406;2970001518;15
135700029500000413;2970001518;16
138000030000000420;2970001518;15
140300030500000427;2970001518;15
142600031000000434;2970001518;15
144900031500000441;2970001518;15
147200032000000448;2970001518;16
149500032500000455;2970001518;15
151800033000000462;2970001518;16
154100033500000469;2970001518;15
156400034000000476;2970001518;16
158700034500000483;2970001518;15
161000035000000490;2970001518;16
163300035500000497;2970001518;15
165600036000000504;2970001518;15
167900036500000511;2970001518;15
170200037000000518;2970001518;15
172500037500000525;2970001518;16
174800038000000532;2970001518;15
177100038500000539;2970001518;16
179400039000000546;2970001518;15
181700039500000553;2970001518;16
184000040000000560;2970001518;15
186300040500000567;2970001518;16
188600041000000574;2970001518;15
190900041500000581;2970001518;16
193200042000000588;2970001518;15
195500042500000595;2970001518;16
197800043000000602;2970001518;16
200100043500000609;2970001518;16
202400044000000616;2970001518;16
204700044500000623;2970001518;16
207000045000000630;2970001518;16
209300045500000637;2970001518;16
211600046000000644;2970001518;16
213900046500000651;2970001518;15
216200047000000658;2970001518;16
218500047500000665;2970001518;15
220800048000000672;2970001518;16
223100048500000679;2970001518;16
225400049000000686;2970001518;16
227700049500000693;2970001518;16
230000050000000700;2970001518;16
232300050500000707;2970001518;16
234600051000000714;2970001518;16
236900051500000721;2970001518;16
239200052000000728;2970001518;15
241500052500000735;2970001518;16
243800053000000742;2970001518;16
246100053500000749;2970001518;16
248400054000000756;2970001518;16
250700054500000763;2970001518;16
253000055000000770;2970001518;16
255300055500000777;2970001518;16
257600056000000784;2970001518;16
259900056500000791;2970001518;16
262200057000000798;2970001518;16
264500057500000805;2970001518;16
266800058000000812;2970001518;16
269100058500000819;2970001518;16
271400059000000826;2970001518;16
273700059500000833;2970001518;16
276000060000000840;2970001518;16
278300060500000847;2970001518;16
280600061000000854;2970001518;16
282900061500000861;2970001518;16
285200062000000868;2970001518;16
287500062500000875;2970001518;16
289800063000000882;2970001518;16
292100063500000889;2970001518;16
294400064000000896;2970001518;16
296700064500000903;2970001518;16
299000065000000910;2970001518;16
301300065500000917;2970001518;16
303600066000000924;2970001518;16
305900066500000931;2970001518;16
308200067000000938;2970001518;16
310500067500000945;2970001518;16
312800068000000952;2970001518;16
315100068500000959;2970001518;16
317400069000000966;2970001518;16
319700069500000973;2970001518;16
322000070000000980;2970001518;16
324300070500000987;2970001518;16
326600071000000994;2970001518;16
328900071500001001;2970001518;16
331200072000001008;2970001518;16
333500072500001015;2970001518;16
335800073000001022;2970001518;16
338100073500001029;2970001518;16
340400074000001036;2970001518;16
342700074500001043;2970001518;16
345000075000001050;2970001518;16
347300075500001057;2970001518;16
349600076000001064;2970001518;16
351900076500001071;2970001518;16
354200077000001078;2970001518;16
356500077500001085;2970001518;16
358800078000001092;2970001518;16
361100078500001099;2970001518;16
363400079000001106;2970001518;16
365700079500001113;2970001518;16
368000080000001120;2970001518;16
370300080500001127;2970001518;16
372600081000001134;2970001518;16
374900081500001141;2970001518;16
377200082000001148;2970001518;16
379500082500001155;2970001518;16
381800083000001162;2970001518;16
384100083500001169;2970001518;16
386400084000001176;2970001518;16
388700084500001183;2970001518;16
391000085000001190;2970001518;16
393300085500001197;2970001518;16
395600086000001204;2970001518;17
397900086500001211;2970001518;16
400200087000001218;2970001518;16
402500087500001225;2970001518;16
404800088000001232;2970001518;16
407100088500001239;2970001518;16
409400089000001246;2970001518;16
411700089500001253;2970001518;16
414000090000001260;2970001518;16
416300090500001267;2970001518;16
418600091000001274;2970001518;16
420900091500001281;2970001518;17
423200092000001288;2970001518;16
425500092500001295;2970001518;17
427800093000001302;2970001518;16
430100093500001309;2970001518;17
432400094000001316;2970001518;16
434700094500001323;2970001518;16
437000095000001330;2970001518;16
439300095500001337;2970001518;16
441600096000001344;2970001518;17
443900096500001351;2970001518;16
446200097000001358;2970001518;17
448500097500001365;2970001518;16
450800098000001372;2970001518;17
453100098500001379;2970001518;16
455400099000001386;2970001518;17
457700099500001393;2970001518;16
460000100000001400;2970001518;16
462300100500001407;2970001518;16
464600101000001414;2970001518;16
466900101500001421;2970001518;17
469200102000001428;2970001518;16
471500102500001435;2970001518;17
473800103000001442;2970001518;16
476100103500001449;2970001518;17
478400104000001456;2970001518;16
480700104500001463;2970001518;17
483000105000001470;2970001518;16
485300105500001477;2970001518;16
487600106000001484;2970001518;16
489900106500001491;2970001518;16
492200107000001498;2970001518;17
494500107500001505;2970001518;16
496800108000001512;2970001518;17
499100108500001519;2970001518;16
501400109000001526;2970001518;17
503700109500001533;2970001518;16
506000110000001540;2970001518;17
508300110500001547;2970001518;16
510600111000001554;2970001518;16
512900111500001561;2970001518;16
515200112000001568;2970001518;16
517500112500001575;2970001518;17
519800113000001582;2970001518;16
522100113500001589;2970001518;17
524400114000001596;2970001518;16
526700114500001603;2970001518;17
529000115000001610;2970001518;16
531300115500001617;2970001518;16
533600116000001624;2970001518;16
535900116500001631;2970001518;16
538200117000001638;2970001518;16
540500117500001645;2970001518;16
542800118000001652;2970001518;17
545100118500001659;2970001518;16
547400119000001666;2970001518;17
549700119500001673;2970001518;16
552000120000001680;2970001518;17
554300120500001687;2970001518;16
556600121000001694;2970001518;17
558900121500001701;2970001518;16
561200122000001708;2970001518;17
563500122500001715;2970001518;17
565800123000001722;2970001518;16
568100123500001729;2970001518;17
570400124000001736;2970001518;16
572700124500001743;2970001518;17
575000125000001750;2970001518;16
577300125500001757;2970001518;17
579600126000001764;2970001518;16
581900126500001771;2970001518;17
584200127000001778;2970001518;16
586500127500001785;2970001518;16
588800128000001792;2970001518;17
591100128500001799;2970001518;16
593400129000001806;2970001518;17
595700129500001813;2970001518;16
598000130000001820;2970001518;17
600300130500001827;2970001518;16
602600131000001834;2970001518;17
604900131500001841;2970001518;16
607200132000001848;2970001518;17
609500132500001855;2970001518;16
611800133000001862;2970001518;17
614100133500001869;2970001518;17
616400134000001876;2970001518;17
618700134500001883;2970001518;17
621000135000001890;2970001518;17
623300135500001897;2970001518;17
625600136000001904;2970001518;17
627900136500001911;2970001518;17
630200137000001918;2970001518;16
632500137500001925;2970001518;17
634800138000001932;2970001518;16
637100138500001939;2970001518;17
639400139000001946;2970001518;17
641700139500001953;2970001518;17
644000140000001960;2970001518;17
646300140500001967;2970001518;17
648600141000001974;2970001518;17
650900141500001981;2970001518;16
653200142000001988;2970001518;17
655500142500001995;2970001518;16
657800143000002002;2970001518;17
660100143500002009;2970001518;16
662400144000002016;2970001518;17
664700144500002023;2970001518;17
667000145000002030;2970001518;17
669300145500002037;2970001518;17
671600146000002044;2970001518;17
673900146500002051;2970001518;17
676200147000002058;2970001518;16
678500147500002065;2970001518;17
680800148000002072;2970001518;16
683100148500002079;2970001518;17
685400149000002086;2970001518;16
687700149500002093;2970001518;17
690000150000002100;2970001518;17
692300150500002107;2970001518;17
694600151000002114;2970001518;17
696900151500002121;2970001518;17
699200152000002128;2970001518;17
701500152500002135;2970001518;16
703800153000002142;2970001518;17
706100153500002149;2970001518;16
708400154000002156;2970001518;17
710700154500002163;2970001518;17
713000155000002170;2970001518;17
715300155500002177;2970001518;17
717600156000002184;2970001518;17
719900156500002191;2970001518;17
722200157000002198;2970001518;17
724500157500002205;2970001518;17
726800158000002212;2970001518;16
729100158500002219;2970001518;17
731400159000002226;2970001518;16
733700159500002233;2970001518;17
736000160000002240;2970001518;17
738300160500002247;2970001518;17
740600161000002254;2970001518;17
742900161500002261;2970001518;17
745200162000002268;2970001518;17
747500162500002275;2970001518;17
749800163000002282;2970001518;17
752100163500002289;2970001518;16
754400164000002296;2970001518;17
756700164500002303;2970001518;16
759000165000002310;2970001518;17
761300165500002317;2970001518;17
763600166000002324;2970001518;17
765900166500002331;2970001518;17
768200167000002338;2970001518;17
770500167500002345;2970001518;17
772800168000002352;2970001518;17
775100168500002359;2970001518;17
777400169000002366;2970001518;16
779700169500002373;2970001518;17
782000170000002380;2970001518;16
784300170500002387;2970001518;17
786600171000002394;2970001518;17
788900171500002401;2970001518;17
791200172000002408;2970001518;17
793500172500002415;2970001518;17
795800173000002422;2970001518;17
798100173500002429;2970001518;17
800400174000002436;2970001518;17
802700174500002443;2970001518;17
805000175000002450;2970001518;17
807300175500002457;2970001518;17
809600176000002464;2970001518;17
811900176500002471;2970001518;17
814200177000002478;2970001518;17
816500177500002485;2970001518;17
818800178000002492;2970001518;17
821100178500002499;2970001518;17
823400179000002506;2970001518;17
825700179500002513;2970001518;17
828000180000002520;2970001518;17
830300180500002527;2970001518;17
832600181000002534;2970001518;17
834900181500002541;2970001518;17
837200182000002548;2970001518;17
839500182500002555;2970001518;17
841800183000002562;2970001518;17
844100183500002569;2970001518;17
846400184000002576;2970001518;17
848700184500002583;2970001518;17
851000185000002590;2970001518;17
853300185500002597;2970001518;17
855600186000002604;2970001518;17
857900186500002611;2970001518;17
860200187000002618;2970001518;17
862500187500002625;2970001518;17
864800188000002632;2970001518;17
867100188500002639;2970001518;17
869400189000002646;2970001518;17
871700189500002653;2970001518;17
874000190000002660;2970001518;17
876300190500002667;2970001518;17
878600191000002674;2970001518;17
880900191500002681;2970001518;17
883200192000002688;2970001518;17
885500192500002695;2970001518;17
887800193000002702;2970001518;17
890100193500002709;2970001518;17
892400194000002716;2970001518;17
894700194500002723;2970001518;17
897000195000002730;2970001518;17
899300195500002737;2970001518;17
901600196000002744;2970001518;17
903900196500002751;2970001518;17
906200197000002758;2970001518;17
908500197500002765;2970001518;17
910800198000002772;2970001518;17
913100198500002779;2970001518;17
915400199000002786;2970001518;17
917700199500002793;2970001518;17
920000200000002800;2970001518;17
922300200500002807;2970001518;17
924600201000002814;2970001518;17
926900201500002821;2970001518;17
929200202000002828;2970001518;17
931500202500002835;2970001518;17
933800203000002842;2970001518;17
936100203500002849;2970001518;17
938400204000002856;2970001518;17
940700204500002863;2970001518;17
943000205000002870;2970001518;17
945300205500002877;2970001518;17
947600206000002884;2970001518;17
949900206500002891;2970001518;17
952200207000002898;2970001518;17
954500207500002905;2970001518;17
956800208000002912;2970001518;17
959100208500002919;2970001518;17
961400209000002926;2970001518;17
963700209500002933;2970001518;17
966000210000002940;2970001518;17
968300210500002947;2970001518;17
970600211000002954;2970001518;17
972900211500002961;2970001518;17
975200212000002968;2970001518;17
977500212500002975;2970001518;17
979800213000002982;2970001518;17
982100213500002989;2970001518;17
984400214000002996;2970001518;17
986700214500003003;2970001518;17
989000215000003010;2970001518;17
991300215500003017;2970001518;17
993600216000003024;2970001518;17
995900216500003031;2970001518;17
998200217000003038;2970001518;17
1000500217500003045;2970001518;17
1002800218000003052;2970001518;17
1005100218500003059;2970001518;17
1007400219000003066;2970001518;17
1009700219500003073;2970001518;17
1012000220000003080;2970001518;17
1014300220500003087;2970001518;17
1016600221000003094;2970001518;17
1018900221500003101;2970001518;17
1021200222000003108;2970001518;17
1023500222500003115;2970001518;17
1025800223000003122;2970001518;17
1028100223500003129;2970001518;17
1030400224000003136;2970001518;17
1032700224500003143;2970001518;17
1035000225000003150;2970001518;17
1037300225500003157;2970001518;17
1039600226000003164;2970001518;17
1041900226500003171;2970001518;17
1044200227000003178;2970001518;17
1046500227500003185;2970001518;17
1048800228000003192;2970001518;17
1051100228500003199;2970001518;17
1053400229000003206;2970001518;17
1055700229500003213;2970001518;17
1058000230000003220;2970001518;17
1060300230500003227;2970001518;17
1062600231000003234;2970001518;17
1064900231500003241;2970001518;17
1067200232000003248;2970001518;17
1069500232500003255;2970001518;17
1071800233000003262;2970001518;17
1074100233500003269;2970001518;17
1076400234000003276;2970001518;17
1078700234500003283;2970001518;17
1081000235000003290;2970001518;17
1083300235500003297;2970001518;17
1085600236000003304;2970001518;17
1087900236500003311;2970001518;17
1090200237000003318;2970001518;17
1092500237500003325;2970001518;17
1094800238000003332;2970001518;17
1097100238500003339;2970001518;17
1099400239000003346;2970001518;17
1101700239500003353;2970001518;17
1104000240000003360;2970001518;17
1106300240500003367;2970001518;17
1108600241000003374;2970001518;17
1110900241500003381;2970001518;17
1113200242000003388;2970001518;17
1115500242500003395;2970001518;17
1117800243000003402;2970001518;17
1120100243500003409;2970001518;17
1122400244000003416;2970001518;17
1124700244500003423;2970001518;17
1127000245000003430;2970001518;17
1129300245500003437;2970001518;17
1131600246000003444;2970001518;17
1133900246500003451;2970001518;17
1136200247000003458;2970001518;17
1138500247500003465;2970001518;17
1140800248000003472;2970001518;17
1143100248500003479;2970001518;17
1145400249000003486;2970001518;17
1147700249500003493;2970001518;17
1150000250000003500;2970001518;17
1152300250500003507;2970001518;17
1154600251000003514;2970001518;17
1156900251500003521;2970001518;17
1159200252000003528;2970001518;17
1161500252500003535;2970001518;17
1163800253000003542;2970001518;17
1166100253500003549;2970001518;17
1168400254000003556;2970001518;17
1170700254500003563;2970001518;17
1173000255000003570;2970001518;17
1175300255500003577;2970001518;17
1177600256000003584;2970001518;17
1179900256500003591;2970001518;17
1182200257000003598;2970001518;17
1184500257500003605;2970001518;17
1186800258000003612;2970001518;17
1189100258500003619;2970001518;17
1191400259000003626;2970001518;17
1193700259500003633;2970001518;17
1196000260000003640;2970001518;17
1198300260500003647;2970001518;17
1200600261000003654;2970001518;17
1202900261500003661;2970001518;17
1205200262000003668;2970001518;17
1207500262500003675;2970001518;17
1209800263000003682;2970001518;17
1212100263500003689;2970001518;17
1214400264000003696;2970001518;17
1216700264500003703;2970001518;17
1219000265000003710;2970001518;17
1221300265500003717;2970001518;17
1223600266000003724;2970001518;17
1225900266500003731;2970001518;17
1228200267000003738;2970001518;18
1230500267500003745;2970001518;17
1232800268000003752;2970001518;17
1235100268500003759;2970001518;17
1237400269000003766;2970001518;17
1239700269500003773;2970001518;17
1242000270000003780;2970001518;17
1244300270500003787;2970001518;17
1246600271000003794;2970001518;17
1248900271500003801;2970001518;17
1251200272000003808;2970001518;17
1253500272500003815;2970001518;18
1255800273000003822;2970001518;17
1258100273500003829;2970001518;17
1260400274000003836;2970001518;17
1262700274500003843;2970001518;17
1265000275000003850;2970001518;17
1267300275500003857;2970001518;17
1269600276000003864;2970001518;17
1271900276500003871;2970001518;17
1274200277000003878;2970001518;18
1276500277500003885;2970001518;17
1278800278000003892;2970001518;18
1281100278500003899;2970001518;17
1283400279000003906;2970001518;17
1285700279500003913;2970001518;17
1288000280000003920;2970001518;17
1290300280500003927;2970001518;17
1292600281000003934;2970001518;17
1294900281500003941;2970001518;17
1297200282000003948;2970001518;17
1299500282500003955;2970001518;18
1301800283000003962;2970001518;17
1304100283500003969;2970001518;18
1306400284000003976;2970001518;17
1308700284500003983;2970001518;17
1311000285000003990;2970001518;17
1313300285500003997;2970001518;17
1315600286000004004;2970001518;17
1317900286500004011;2970001518;17
1320200287000004018;2970001518;17
1322500287500004025;2970001518;17
1324800288000004032;2970001518;18
1327100288500004039;2970001518;17
1329400289000004046;2970001518;17
1331700289500004053;2970001518;17
1334000290000004060;2970001518;17
1336300290500004067;2970001518;17
1338600291000004074;2970001518;17
1340900291500004081;2970001518;17
1343200292000004088;2970001518;17
1345500292500004095;2970001518;17
1347800293000004102;2970001518;17
1350100293500004109;2970001518;18
1352400294000004116;2970001518;17
1354700294500004123;2970001518;18
1357000295000004130;2970001518;17
1359300295500004137;2970001518;18
1361600296000004144;2970001518;17
1363900296500004151;2970001518;17
1366200297000004158;2970001518;17
1368500297500004165;2970001518;17
1370800298000004172;2970001518;17
1373100298500004179;2970001518;17
1375400299000004186;2970001518;18
1377700299500004193;2970001518;17
1380000300000004200;2970001518;18
1382300300500004207;2970001518;17
1384600301000004214;2970001518;17
1386900301500004221;2970001518;17
1389200302000004228;2970001518;17
1391500302500004235;2970001518;17
1393800303000004242;2970001518;17
1396100303500004249;2970001518;17
1398400304000004256;2970001518;17
1400700304500004263;2970001518;18
1403000305000004270;2970001518;17
1405300305500004277;2970001518;18
1407600306000004284;2970001518;17
1409900306500004291;2970001518;18
1412200307000004298;2970001518;17
1414500307500004305;2970001518;17
1416800308000004312;2970001518;17
1419100308500004319;2970001518;17
1421400309000004326;2970001518;18
1423700309500004333;2970001518;17
1426000310000004340;2970001518;18
1428300310500004347;2970001518;17
1430600311000004354;2970001518;18
1432900311500004361;2970001518;17
1435200312000004368;2970001518;18
1437500312500004375;2970001518;17
1439800313000004382;2970001518;17
1442100313500004389;2970001518;17
1444400314000004396;2970001518;17
1446700314500004403;2970001518;18
1449000315000004410;2970001518;17
1451300315500004417;2970001518;18
1453600316000004424;2970001518;17
1455900316500004431;2970001518;18
1458200317000004438;2970001518;17
1460500317500004445;2970001518;18
1462800318000004452;2970001518;17
1465100318500004459;2970001518;17
1467400319000004466;2970001518;17
1469700319500004473;2970001518;17
1472000320000004480;2970001518;18
1474300320500004487;2970001518;17
1476600321000004494;2970001518;18
1478900321500004501;2970001518;17
1481200322000004508;2970001518;18
1483500322500004515;2970001518;17
1485800323000004522;2970001518;18
1488100323500004529;2970001518;17
1490400324000004536;2970001518;17
1492700324500004543;2970001518;17
1495000325000004550;2970001518;17
1497300325500004557;2970001518;18
1499600326000004564;2970001518;17
1501900326500004571;2970001518;18
1504200327000004578;2970001518;17
1506500327500004585;2970001518;18
1508800328000004592;2970001518;17
1511100328500004599;2970001518;17
1513400329000004606;2970001518;17
1515700329500004613;2970001518;17
1518000330000004620;2970001518;17
1520300330500004627;2970001518;17
1522600331000004634;2970001518;18
1524900331500004641;2970001518;17
1527200332000004648;2970001518;18
1529500332500004655;2970001518;17
1531800333000004662;2970001518;18
1534100333500004669;2970001518;17
1536400334000004676;2970001518;17
1538700334500004683;2970001518;17
1541000335000004690;2970001518;17
1543300335500004697;2970001518;18
1545600336000004704;2970001518;17
1547900336500004711;2970001518;18
1550200337000004718;2970001518;17
1552500337500004725;2970001518;18
1554800338000004732;2970001518;17
1557100338500004739;2970001518;18
1559400339000004746;2970001518;17
1561700339500004753;2970001518;17
1564000340000004760;2970001518;17
1566300340500004767;2970001518;17
1568600341000004774;2970001518;18
1570900341500004781;2970001518;17
1573200342000004788;2970001518;18
1575500342500004795;2970001518;17
1577800343000004802;2970001518;18
1580100343500004809;2970001518;17
1582400344000004816;2970001518;18
1584700344500004823;2970001518;17
1587000345000004830;2970001518;17
1589300345500004837;2970001518;17
1591600346000004844;2970001518;17
1593900346500004851;2970001518;18
1596200347000004858;2970001518;17
1598500347500004865;2970001518;18
1600800348000004872;2970001518;17
1603100348500004879;2970001518;18
1605400349000004886;2970001518;17
1607700349500004893;2970001518;18
1610000350000004900;2970001518;17
1612300350500004907;2970001518;17
1614600351000004914;2970001518;17
1616900351500004921;2970001518;17
1619200352000004928;2970001518;18
1621500352500004935;2970001518;17
1623800353000004942;2970001518;18
1626100353500004949;2970001518;17
1628400354000004956;2970001518;18
1630700354500004963;2970001518;17
1633000355000004970;2970001518;18
1635300355500004977;2970001518;17
1637600356000004984;2970001518;17
1639900356500004991;2970001518;17
1642200357000004998;2970001518;17
1644500357500005005;2970001518;18
1646800358000005012;2970001518;17
1649100358500005019;2970001518;18
1651400359000005026;2970001518;17
1653700359500005033;2970001518;18
1656000360000005040;2970001518;17
1658300360500005047;2970001518;17
1660600361000005054;2970001518;17
1662900361500005061;2970001518;17
1665200362000005068;2970001518;17
1667500362500005075;2970001518;17
1669800363000005082;2970001518;18
1672100363500005089;2970001518;17
1674400364000005096;2970001518;18
1676700364500005103;2970001518;17
1679000365000005110;2970001518;18
1681300365500005117;2970001518;17
1683600366000005124;2970001518;17
1685900366500005131;2970001518;17
1688200367000005138;2970001518;17
1690500367500005145;2970001518;18
1692800368000005152;2970001518;17
1695100368500005159;2970001518;18
1697400369000005166;2970001518;17
1699700369500005173;2970001518;18
1702000370000005180;2970001518;17
1704300370500005187;2970001518;18
1706600371000005194;2970001518;17
1708900371500005201;2970001518;17
1711200372000005208;2970001518;17
1713500372500005215;2970001518;17
1715800373000005222;2970001518;18
1718100373500005229;2970001518;17
1720400374000005236;2970001518;18
1722700374500005243;2970001518;17
1725000375000005250;2970001518;18
1727300375500005257;2970001518;17
1729600376000005264;2970001518;18
1731900376500005271;2970001518;17
1734200377000005278;2970001518;17
1736500377500005285;2970001518;17
1738800378000005292;2970001518;17
1741100378500005299;2970001518;18
1743400379000005306;2970001518;17
1745700379500005313;2970001518;18
1748000380000005320;2970001518;17
1750300380500005327;2970001518;18
1752600381000005334;2970001518;17
1754900381500005341;2970001518;18
1757200382000005348;2970001518;17
1759500382500005355;2970001518;17
1761800383000005362;2970001518;17
1764100383500005369;2970001518;17
1766400384000005376;2970001518;18
1768700384500005383;2970001518;17
1771000385000005390;2970001518;18
1773300385500005397;2970001518;17
1775600386000005404;2970001518;18
1777900386500005411;2970001518;17
1780200387000005418;2970001518;18
1782500387500005425;2970001518;17
1784800388000005432;2970001518;17
1787100388500005439;2970001518;17
1789400389000005446;2970001518;17
1791700389500005453;2970001518;18
1794000390000005460;2970001518;17
1796300390500005467;2970001518;18
1798600391000005474;2970001518;17
1800900391500005481;2970001518;18
1803200392000005488;2970001518;17
1805500392500005495;2970001518;18
1807800393000005502;2970001518;17
1810100393500005509;2970001518;17
1812400394000005516;2970001518;17
1814700394500005523;2970001518;17
1817000395000005530;2970001518;18
1819300395500005537;2970001518;17
1821600396000005544;2970001518;18
1823900396500005551;2970001518;17
1826200397000005558;2970001518;18
1828500397500005565;2970001518;17
1830800398000005572;2970001518;18
1833100398500005579;2970001518;17
1835400399000005586;2970001518;17
1837700399500005593;2970001518;18
1840000400000005600;2970001518;17
1842300400500005607;2970001518;18
1844600401000005614;2970001518;17
1846900401500005621;2970001518;18
1849200402000005628;2970001518;17
1851500402500005635;2970001518;18
1853800403000005642;2970001518;17
1856100403500005649;2970001518;18
1858400404000005656;2970001518;17
1860700404500005663;2970001518;17
1863000405000005670;2970001518;18
1865300405500005677;2970001518;17
1867600406000005684;2970001518;18
1869900406500005691;2970001518;17
1872200407000005698;2970001518;18
1874500407500005705;2970001518;17
1876800408000005712;2970001518;18
1879100408500005719;2970001518;17
1881400409000005726;2970001518;18
1883700409500005733;2970001518;17
1886000410000005740;2970001518;17
1888300410500005747;2970001518;18
1890600411000005754;2970001518;17
1892900411500005761;2970001518;18
1895200412000005768;2970001518;17
1897500412500005775;2970001518;18
1899800413000005782;2970001518;17
1902100413500005789;2970001518;18
1904400414000005796;2970001518;17
1906700414500005803;2970001518;18
1909000415000005810;2970001518;17
1911300415500005817;2970001518;17
1913600416000005824;2970001518;18
1915900416500005831;2970001518;17
1918200417000005838;2970001518;18
1920500417500005845;2970001518;17
1922800418000005852;2970001518;18
1925100418500005859;2970001518;17
1927400419000005866;2970001518;18
1929700419500005873;2970001518;17
1932000420000005880;2970001518;18
1934300420500005887;2970001518;17
1936600421000005894;2970001518;17
1938900421500005901;2970001518;18
1941200422000005908;2970001518;17
1943500422500005915;2970001518;18
1945800423000005922;2970001518;17
1948100423500005929;2970001518;18
1950400424000005936;2970001518;17
1952700424500005943;2970001518;18
1955000425000005950;2970001518;17
1957300425500005957;2970001518;18
1959600426000005964;2970001518;18
1961900426500005971;2970001518;18
1964200427000005978;2970001518;18
1966500427500005985;2970001518;18
1968800428000005992;2970001518;18
1971100428500005999;2970001518;17
1973400429000006006;2970001518;18
1975700429500006013;2970001518;17
1978000430000006020;2970001518;18
1980300430500006027;2970001518;17
1982600431000006034;2970001518;18
1984900431500006041;2970001518;18
1987200432000006048;2970001518;18
1989500432500006055;2970001518;18
1991800433000006062;2970001518;18
1994100433500006069;2970001518;18
1996400434000006076;2970001518;17
1998700434500006083;2970001518;18
2001000435000006090;2970001518;17
2003300435500006097;2970001518;18
2005600436000006104;2970001518;17
2007900436500006111;2970001518;18
2010200437000006118;2970001518;18
2012500437500006125;2970001518;18
2014800438000006132;2970001518;18
2017100438500006139;2970001518;18
2019400439000006146;2970001518;18
2021700439500006153;2970001518;18
2024000440000006160;2970001518;18
2026300440500006167;2970001518;17
2028600441000006174;2970001518;18
2030900441500006181;2970001518;17
2033200442000006188;2970001518;18
2035500442500006195;2970001518;18
2037800443000006202;2970001518;18
2040100443500006209;2970001518;18
2042400444000006216;2970001518;18
2044700444500006223;2970001518;18
2047000445000006230;2970001518;17
2049300445500006237;2970001518;18
2051600446000006244;2970001518;17
2053900446500006251;2970001518;18
2056200447000006258;2970001518;17
2058500447500006265;2970001518;18
2060800448000006272;2970001518;18
2063100448500006279;2970001518;18
2065400449000006286;2970001518;18
2067700449500006293;2970001518;18
2070000450000006300;2970001518;18
2072300450500006307;2970001518;17
2074600451000006314;2970001518;18
2076900451500006321;2970001518;17
2079200452000006328;2970001518;18
2081500452500006335;2970001518;17
2083800453000006342;2970001518;18
2086100453500006349;2970001518;18
2088400454000006356;2970001518;18
2090700454500006363;2970001518;18
2093000455000006370;2970001518;18
2095300455500006377;2970001518;18
2097600456000006384;2970001518;17
2099900456500006391;2970001518;18
2102200457000006398;2970001518;17
2104500457500006405;2970001518;18
2106800458000006412;2970001518;18
2109100458500006419;2970001518;18
2111400459000006426;2970001518;18
2113700459500006433;2970001518;18
2116000460000006440;2970001518;18
2118300460500006447;2970001518;18
2120600461000006454;2970001518;18
2122900461500006461;2970001518;17
2125200462000006468;2970001518;18
2127500462500006475;2970001518;17
2129800463000006482;2970001518;18
2132100463500006489;2970001518;18
2134400464000006496;2970001518;18
2136700464500006503;2970001518;18
2139000465000006510;2970001518;18
2141300465500006517;2970001518;18
2143600466000006524;2970001518;18
2145900466500006531;2970001518;18
2148200467000006538;2970001518;17
2150500467500006545;2970001518;18
2152800468000006552;2970001518;17
2155100468500006559;2970001518;18
2157400469000006566;2970001518;18
2159700469500006573;2970001518;18
2162000470000006580;2970001518;18
2164300470500006587;2970001518;18
2166600471000006594;2970001518;18
2168900471500006601;2970001518;18
2171200472000006608;2970001518;18
2173500472500006615;2970001518;17
2175800473000006622;2970001518;18
2178100473500006629;2970001518;17
2180400474000006636;2970001518;18
2182700474500006643;2970001518;18
2185000475000006650;2970001518;18
2187300475500006657;2970001518;18
2189600476000006664;2970001518;18
2191900476500006671;2970001518;18
2194200477000006678;2970001518;17
2196500477500006685;2970001518;18
2198800478000006692;2970001518;17
2201100478500006699;2970001518;18
2203400479000006706;2970001518;17
2205700479500006713;2970001518;18
2208000480000006720;2970001518;18
2210300480500006727;2970001518;18
2212600481000006734;2970001518;18
2214900481500006741;2970001518;18
2217200482000006748;2970001518;18
2219500482500006755;2970001518;17
2221800483000006762;2970001518;18
2224100483500006769;2970001518;17
2226400484000006776;2970001518;18
2228700484500006783;2970001518;17
2231000485000006790;2970001518;18
2233300485500006797;2970001518;18
2235600486000006804;2970001518;18
2237900486500006811;2970001518;18
2240200487000006818;2970001518;18
2242500487500006825;2970001518;18
2244800488000006832;2970001518;17
2247100488500006839;2970001518;18
2249400489000006846;2970001518;17
2251700489500006853;2970001518;18
2254000490000006860;2970001518;18
2256300490500006867;2970001518;18
2258600491000006874;2970001518;18
2260900491500006881;2970001518;18
2263200492000006888;2970001518;18
2265500492500006895;2970001518;18
2267800493000006902;2970001518;18
2270100493500006909;2970001518;17
2272400494000006916;2970001518;18
2274700494500006923;2970001518;17
2277000495000006930;2970001518;18
2279300495500006937;2970001518;18
2281600496000006944;2970001518;18
2283900496500006951;2970001518;18
2286200497000006958;2970001518;18
2288500497500006965;2970001518;18
2290800498000006972;2970001518;18
2293100498500006979;2970001518;18
2295400499000006986;2970001518;17
2297700499500006993;2970001518;18
2300000500000007000;2970001518;17
2302300500500007007;2970001518;18
2304600501000007014;2970001518;18
2306900501500007021;2970001518;18
2309200502000007028;2970001518;18
2311500502500007035;2970001518;18
2313800503000007042;2970001518;18
2316100503500007049;2970001518;18
2318400504000007056;2970001518;18
2320700504500007063;2970001518;17
2323000505000007070;2970001518;18
2325300505500007077;2970001518;17
2327600506000007084;2970001518;18
2329900506500007091;2970001518;18
2332200507000007098;2970001518;18
2334500507500007105;2970001518;18
2336800508000007112;2970001518;18
2339100508500007119;2970001518;18
2341400509000007126;2970001518;17
2343700509500007133;2970001518;18
2346000510000007140;2970001518;17
2348300510500007147;2970001518;18
2350600511000007154;2970001518;17
2352900511500007161;2970001518;18
2355200512000007168;2970001518;18
2357500512500007175;2970001518;18
2359800513000007182;2970001518;18
2362100513500007189;2970001518;18
2364400514000007196;2970001518;18
2366700514500007203;2970001518;17
2369000515000007210;2970001518;18
2371300515500007217;2970001518;17
2373600516000007224;2970001518;18
2375900516500007231;2970001518;18
2378200517000007238;2970001518;18
2380500517500007245;2970001518;18
2382800518000007252;2970001518;18
2385100518500007259;2970001518;18
2387400519000007266;2970001518;18
2389700519500007273;2970001518;18
2392000520000007280;2970001518;17
2394300520500007287;2970001518;18
2396600521000007294;2970001518;17
2398900521500007301;2970001518;18
2401200522000007308;2970001518;18
2403500522500007315;2970001518;18
2405800523000007322;2970001518;18
2408100523500007329;2970001518;18
2410400524000007336;2970001518;18
2412700524500007343;2970001518;18
2415000525000007350;2970001518;18
2417300525500007357;2970001518;17
2419600526000007364;2970001518;18
2421900526500007371;2970001518;17
2424200527000007378;2970001518;18
2426500527500007385;2970001518;18
2428800528000007392;2970001518;18
2431100528500007399;2970001518;18
2433400529000007406;2970001518;18
2435700529500007413;2970001518;18
2438000530000007420;2970001518;18
2440300530500007427;2970001518;18
2442600531000007434;2970001518;17
2444900531500007441;2970001518;18
2447200532000007448;2970001518;17
2449500532500007455;2970001518;18
2451800533000007462;2970001518;18
2454100533500007469;2970001518;18
2456400534000007476;2970001518;18
2458700534500007483;2970001518;18
2461000535000007490;2970001518;18
2463300535500007497;2970001518;18
2465600536000007504;2970001518;18
2467900536500007511;2970001518;17
2470200537000007518;2970001518;18
2472500537500007525;2970001518;17
2474800538000007532;2970001518;18
2477100538500007539;2970001518;18
2479400539000007546;2970001518;18
2481700539500007553;2970001518;18
2484000540000007560;2970001518;18
2486300540500007567;2970001518;18
2488600541000007574;2970001518;17
2490900541500007581;2970001518;18
2493200542000007588;2970001518;17
2495500542500007595;2970001518;18
2497800543000007602;2970001518;17
2500100543500007609;2970001518;18
2502400544000007616;2970001518;18
2504700544500007623;2970001518;18
2507000545000007630;2970001518;18
2509300545500007637;2970001518;18
2511600546000007644;2970001518;18
2513900546500007651;2970001518;17
2516200547000007658;2970001518;18
2518500547500007665;2970001518;17
2520800548000007672;2970001518;18
2523100548500007679;2970001518;18
2525400549000007686;2970001518;18
2527700549500007693;2970001518;18
2530000550000007700;2970001518;18
2532300550500007707;2970001518;18
2534600551000007714;2970001518;18
2536900551500007721;2970001518;18
2539200552000007728;2970001518;17
2541500552500007735;2970001518;18
2543800553000007742;2970001518;17
2546100553500007749;2970001518;18
2548400554000007756;2970001518;18
2550700554500007763;2970001518;18
2553000555000007770;2970001518;18
2555300555500007777;2970001518;18
2557600556000007784;2970001518;18
2559900556500007791;2970001518;18
2562200557000007798;2970001518;18
2564500557500007805;2970001518;18
2566800558000007812;2970001518;18
2569100558500007819;2970001518;18
2571400559000007826;2970001518;18
2573700559500007833;2970001518;18
2576000560000007840;2970001518;18
2578300560500007847;2970001518;18
2580600561000007854;2970001518;18
2582900561500007861;2970001518;18
2585200562000007868;2970001518;18
2587500562500007875;2970001518;18
2589800563000007882;2970001518;18
2592100563500007889;2970001518;18
2594400564000007896;2970001518;18
2596700564500007903;2970001518;18
2599000565000007910;2970001518;18
2601300565500007917;2970001518;18
2603600566000007924;2970001518;18
2605900566500007931;2970001518;18
2608200567000007938;2970001518;18
2610500567500007945;2970001518;18
2612800568000007952;2970001518;18
2615100568500007959;2970001518;18
2617400569000007966;2970001518;18
2619700569500007973;2970001518;18
2622000570000007980;2970001518;18
2624300570500007987;2970001518;18
2626600571000007994;2970001518;18
2628900571500008001;2970001518;18
2631200572000008008;2970001518;18
2633500572500008015;2970001518;18
2635800573000008022;2970001518;18
2638100573500008029;2970001518;18
2640400574000008036;2970001518;18
2642700574500008043;2970001518;18
2645000575000008050;2970001518;18
2647300575500008057;2970001518;18
2649600576000008064;2970001518;18
2651900576500008071;2970001518;18
2654200577000008078;2970001518;18
2656500577500008085;2970001518;18
2658800578000008092;2970001518;18
2661100578500008099;2970001518;18
2663400579000008106;2970001518;18
2665700579500008113;2970001518;18
2668000580000008120;2970001518;18
2670300580500008127;2970001518;18
2672600581000008134;2970001518;18
2674900581500008141;2970001518;18
2677200582000008148;2970001518;18
2679500582500008155;2970001518;18
2681800583000008162;2970001518;18
2684100583500008169;2970001518;18
2686400584000008176;2970001518;18
2688700584500008183;2970001518;18
2691000585000008190;2970001518;18
2693300585500008197;2970001518;18
2695600586000008204;2970001518;18
2697900586500008211;2970001518;18
2700200587000008218;2970001518;18
2702500587500008225;2970001518;18
2704800588000008232;2970001518;18
2707100588500008239;2970001518;18
2709400589000008246;2970001518;18
2711700589500008253;2970001518;18
2714000590000008260;2970001518;18
2716300590500008267;2970001518;18
2718600591000008274;2970001518;18
2720900591500008281;2970001518;18
2723200592000008288;2970001518;18
2725500592500008295;2970001518;18
2727800593000008302;2970001518;18
2730100593500008309;2970001518;18
2732400594000008316;2970001518;18
2734700594500008323;2970001518;18
2737000595000008330;2970001518;18
2739300595500008337;2970001518;18
2741600596000008344;2970001518;18
2743900596500008351;2970001518;18
2746200597000008358;2970001518;18
2748500597500008365;2970001518;18
2750800598000008372;2970001518;18
2753100598500008379;2970001518;18
2755400599000008386;2970001518;18
2757700599500008393;2970001518;18
2760000600000008400;2970001518;18
2762300600500008407;2970001518;18
2764600601000008414;2970001518;18
2766900601500008421;2970001518;18
2769200602000008428;2970001518;18
2771500602500008435;2970001518;18
2773800603000008442;2970001518;18
2776100603500008449;2970001518;18
2778400604000008456;2970001518;18
2780700604500008463;2970001518;18
2783000605000008470;2970001518;18
2785300605500008477;2970001518;18
2787600606000008484;2970001518;18
2789900606500008491;2970001518;18
2792200607000008498;2970001518;18
2794500607500008505;2970001518;18
2796800608000008512;2970001518;18
2799100608500008519;2970001518;18
2801400609000008526;2970001518;18
2803700609500008533;2970001518;18
2806000610000008540;2970001518;18
2808300610500008547;2970001518;18
2810600611000008554;2970001518;18
2812900611500008561;2970001518;18
2815200612000008568;2970001518;18
2817500612500008575;2970001518;18
2819800613000008582;2970001518;18
2822100613500008589;2970001518;18
2824400614000008596;2970001518;18
2826700614500008603;2970001518;18
2829000615000008610;2970001518;18
2831300615500008617;2970001518;18
2833600616000008624;2970001518;18
2835900616500008631;2970001518;18
2838200617000008638;2970001518;18
2840500617500008645;2970001518;18
2842800618000008652;2970001518;18
2845100618500008659;2970001518;18
2847400619000008666;2970001518;18
2849700619500008673;2970001518;18
2852000620000008680;2970001518;18
2854300620500008687;2970001518;18
2856600621000008694;2970001518;18
2858900621500008701;2970001518;18
2861200622000008708;2970001518;18
2863500622500008715;2970001518;18
2865800623000008722;2970001518;18
2868100623500008729;2970001518;18
2870400624000008736;2970001518;18
2872700624500008743;2970001518;18
2875000625000008750;2970001518;18
2877300625500008757;2970001518;18
2879600626000008764;2970001518;18
2881900626500008771;2970001518;18
2884200627000008778;2970001518;18
2886500627500008785;2970001518;18
2888800628000008792;2970001518;18
2891100628500008799;2970001518;18
2893400629000008806;2970001518;18
2895700629500008813;2970001518;18
2898000630000008820;2970001518;18
2900300630500008827;2970001518;18
2902600631000008834;2970001518;18
2904900631500008841;2970001518;18
2907200632000008848;2970001518;18
2909500632500008855;2970001518;18
2911800633000008862;2970001518;18
2914100633500008869;2970001518;18
2916400634000008876;2970001518;18
2918700634500008883;2970001518;18
2921000635000008890;2970001518;18
2923300635500008897;2970001518;18
2925600636000008904;2970001518;18
2927900636500008911;2970001518;18
2930200637000008918;2970001518;18
2932500637500008925;2970001518;18
2934800638000008932;2970001518;18
2937100638500008939;2970001518;18
2939400639000008946;2970001518;18
2941700639500008953;2970001518;18
2944000640000008960;2970001518;18
2946300640500008967;2970001518;18
2948600641000008974;2970001518;18
2950900641500008981;2970001518;18
2953200642000008988;2970001518;18
2955500642500008995;2970001518;18
2957800643000009002;2970001518;18
2960100643500009009;2970001518;18
2962400644000009016;2970001518;18
2964700644500009023;2970001518;18
2967000645000009030;2970001518;18
2969300645500009037;2970001518;18
2971600646000009044;2970001518;18
2973900646500009051;2970001518;18
2976200647000009058;2970001518;18
2978500647500009065;2970001518;18
2980800648000009072;2970001518;18
2983100648500009079;2970001518;18
2985400649000009086;2970001518;18
2987700649500009093;2970001518;18
2990000650000009100;2970001518;18
2992300650500009107;2970001518;18
2994600651000009114;2970001518;18
2996900651500009121;2970001518;18
2999200652000009128;2970001518;18
3001500652500009135;2970001518;18
3003800653000009142;2970001518;18
3006100653500009149;2970001518;18
3008400654000009156;2970001518;18
3010700654500009163;2970001518;18
3013000655000009170;2970001518;18
3015300655500009177;2970001518;18
3017600656000009184;2970001518;18
3019900656500009191;2970001518;18
3022200657000009198;2970001518;18
3024500657500009205;2970001518;18
3026800658000009212;2970001518;18
3029100658500009219;2970001518;18
3031400659000009226;2970001518;18
3033700659500009233;2970001518;18
3036000660000009240;2970001518;18
3038300660500009247;2970001518;18
3040600661000009254;2970001518;18
3042900661500009261;2970001518;18
3045200662000009268;2970001518;18
3047500662500009275;2970001518;18
3049800663000009282;2970001518;18
3052100663500009289;2970001518;18
3054400664000009296;2970001518;18
3056700664500009303;2970001518;18
3059000665000009310;2970001518;18
3061300665500009317;2970001518;18
3063600666000009324;2970001518;18
3065900666500009331;2970001518;18
3068200667000009338;2970001518;18
3070500667500009345;2970001518;18
3072800668000009352;2970001518;18
3075100668500009359;2970001518;18
3077400669000009366;2970001518;18
3079700669500009373;2970001518;18
3082000670000009380;2970001518;18
3084300670500009387;2970001518;18
3086600671000009394;2970001518;18
3088900671500009401;2970001518;18
3091200672000009408;2970001518;18
3093500672500009415;2970001518;18
3095800673000009422;2970001518;18
3098100673500009429;2970001518;18
3100400674000009436;2970001518;18
3102700674500009443;2970001518;18
3105000675000009450;2970001518;18
3107300675500009457;2970001518;18
3109600676000009464;2970001518;18
3111900676500009471;2970001518;18
3114200677000009478;2970001518;18
3116500677500009485;2970001518;18
3118800678000009492;2970001518;18
3121100678500009499;2970001518;18
3123400679000009506;2970001518;18
3125700679500009513;2970001518;18
3128000680000009520;2970001518;18
3130300680500009527;2970001518;18
3132600681000009534;2970001518;18
3134900681500009541;2970001518;18
3137200682000009548;2970001518;18
3139500682500009555;2970001518;18
3141800683000009562;2970001518;18
3144100683500009569;2970001518;18
3146400684000009576;2970001518;18
3148700684500009583;2970001518;18
3151000685000009590;2970001518;18
3153300685500009597;2970001518;18
3155600686000009604;2970001518;18
3157900686500009611;2970001518;18
3160200687000009618;2970001518;18
3162500687500009625;2970001518;18
3164800688000009632;2970001518;18
3167100688500009639;2970001518;18
3169400689000009646;2970001518;18
3171700689500009653;2970001518;18
3174000690000009660;2970001518;18
3176300690500009667;2970001518;18
3178600691000009674;2970001518;18
3180900691500009681;2970001518;18
3183200692000009688;2970001518;18
3185500692500009695;2970001518;18
3187800693000009702;2970001518;18
3190100693500009709;2970001518;18
3192400694000009716;2970001518;18
3194700694500009723;2970001518;18
3197000695000009730;2970001518;18
3199300695500009737;2970001518;18
3201600696000009744;2970001518;18
3203900696500009751;2970001518;18
3206200697000009758;2970001518;18
3208500697500009765;2970001518;18
3210800698000009772;2970001518;18
3213100698500009779;2970001518;18
3215400699000009786;2970001518;18
3217700699500009793;2970001518;18
3220000700000009800;2970001518;18
3222300700500009807;2970001518;18
3224600701000009814;2970001518;18
3226900701500009821;2970001518;18
3229200702000009828;2970001518;18
3231500702500009835;2970001518;18
3233800703000009842;2970001518;18
3236100703500009849;2970001518;18
3238400704000009856;2970001518;18
3240700704500009863;2970001518;18
3243000705000009870;2970001518;18
3245300705500009877;2970001518;18
3247600706000009884;2970001518;18
3249900706500009891;2970001518;18
3252200707000009898;2970001518;18
3254500707500009905;2970001518;18
3256800708000009912;2970001518;18
3259100708500009919;2970001518;18
3261400709000009926;2970001518;18
3263700709500009933;2970001518;18
3266000710000009940;2970001518;18
3268300710500009947;2970001518;18
3270600711000009954;2970001518;18
3272900711500009961;2970001518;18
3275200712000009968;2970001518;18
3277500712500009975;2970001518;18
3279800713000009982;2970001518;18
3282100713500009989;2970001518;18
3284400714000009996;2970001518;18
3286700714500010003;2970001518;18
3289000715000010010;2970001518;18
3291300715500010017;2970001518;18
3293600716000010024;2970001518;18
3295900716500010031;2970001518;18
3298200717000010038;2970001518;18
3300500717500010045;2970001518;18
3302800718000010052;2970001518;18
3305100718500010059;2970001518;18
3307400719000010066;2970001518;18
3309700719500010073;2970001518;18
3312000720000010080;2970001518;18
3314300720500010087;2970001518;18
3316600721000010094;2970001518;18
3318900721500010101;2970001518;18
3321200722000010108;2970001518;18
3323500722500010115;2970001518;18
3325800723000010122;2970001518;18
3328100723500010129;2970001518;18
3330400724000010136;2970001518;18
3332700724500010143;2970001518;18
3335000725000010150;2970001518;18
3337300725500010157;2970001518;18
3339600726000010164;2970001518;18
3341900726500010171;2970001518;18
3344200727000010178;2970001518;18
3346500727500010185;2970001518;18
3348800728000010192;2970001518;18
3351100728500010199;2970001518;18
3353400729000010206;2970001518;18
3355700729500010213;2970001518;18
3358000730000010220;2970001518;18
3360300730500010227;2970001518;18
3362600731000010234;2970001518;18
3364900731500010241;2970001518;18
3367200732000010248;2970001518;18
3369500732500010255;2970001518;18
3371800733000010262;2970001518;18
3374100733500010269;2970001518;18
3376400734000010276;2970001518;18
3378700734500010283;2970001518;18
3381000735000010290;2970001518;18
3383300735500010297;2970001518;18
3385600736000010304;2970001518;18
3387900736500010311;2970001518;18
3390200737000010318;2970001518;18
3392500737500010325;2970001518;18
3394800738000010332;2970001518;18
3397100738500010339;2970001518;18
3399400739000010346;2970001518;18
3401700739500010353;2970001518;18
3404000740000010360;2970001518;18
3406300740500010367;2970001518;18
3408600741000010374;2970001518;18
3410900741500010381;2970001518;18
3413200742000010388;2970001518;18
3415500742500010395;2970001518;18
3417800743000010402;2970001518;18
3420100743500010409;2970001518;18
3422400744000010416;2970001518;18
3424700744500010423;2970001518;18
3427000745000010430;2970001518;18
3429300745500010437;2970001518;18
3431600746000010444;2970001518;18
3433900746500010451;2970001518;18
3436200747000010458;2970001518;18
3438500747500010465;2970001518;18
3440800748000010472;2970001518;18
3443100748500010479;2970001518;18
3445400749000010486;2970001518;18
3447700749500010493;2970001518;18
3450000750000010500;2970001518;18
3452300750500010507;2970001518;18
3454600751000010514;2970001518;18
3456900751500010521;2970001518;18
3459200752000010528;2970001518;18
3461500752500010535;2970001518;18
3463800753000010542;2970001518;18
3466100753500010549;2970001518;18
3468400754000010556;2970001518;18
3470700754500010563;2970001518;18
3473000755000010570;2970001518;18
3475300755500010577;2970001518;18
3477600756000010584;2970001518;18
3479900756500010591;2970001518;18
3482200757000010598;2970001518;18
3484500757500010605;2970001518;18
3486800758000010612;2970001518;18
3489100758500010619;2970001518;18
3491400759000010626;2970001518;18
3493700759500010633;2970001518;18
3496000760000010640;2970001518;18
3498300760500010647;2970001518;18
3500600761000010654;2970001518;18
3502900761500010661;2970001518;18
3505200762000010668;2970001518;18
3507500762500010675;2970001518;18
3509800763000010682;2970001518;18
3512100763500010689;2970001518;18
3514400764000010696;2970001518;18
3516700764500010703;2970001518;18
3519000765000010710;2970001518;18
3521300765500010717;2970001518;18
3523600766000010724;2970001518;18
3525900766500010731;2970001518;18
3528200767000010738;2970001518;18
3530500767500010745;2970001518;18
3532800768000010752;2970001518;18
3535100768500010759;2970001518;18
3537400769000010766;2970001518;18
3539700769500010773;2970001518;18
3542000770000010780;2970001518;18
3544300770500010787;2970001518;18
3546600771000010794;2970001518;18
3548900771500010801;2970001518;18
3551200772000010808;2970001518;18
3553500772500010815;2970001518;18
3555800773000010822;2970001518;18
3558100773500010829;2970001518;18
3560400774000010836;2970001518;18
3562700774500010843;2970001518;18
3565000775000010850;2970001518;18
3567300775500010857;2970001518;18
3569600776000010864;2970001518;18
3571900776500010871;2970001518;18
3574200777000010878;2970001518;18
3576500777500010885;2970001518;18
3578800778000010892;2970001518;18
3581100778500010899;2970001518;18
3583400779000010906;2970001518;18
3585700779500010913;2970001518;18
3588000780000010920;2970001518;18
3590300780500010927;2970001518;18
3592600781000010934;2970001518;18
3594900781500010941;2970001518;18
3597200782000010948;2970001518;18
3599500782500010955;2970001518;18
3601800783000010962;2970001518;18
3604100783500010969;2970001518;18
3606400784000010976;2970001518;18
3608700784500010983;2970001518;18
3611000785000010990;2970001518;18
3613300785500010997;2970001518;18
3615600786000011004;2970001518;18
3617900786500011011;2970001518;18
3620200787000011018;2970001518;18
3622500787500011025;2970001518;18
3624800788000011032;2970001518;18
3627100788500011039;2970001518;18
3629400789000011046;2970001518;18
3631700789500011053;2970001518;18
3634000790000011060;2970001518;18
3636300790500011067;2970001518;18
3638600791000011074;2970001518;18
3640900791500011081;2970001518;18
3643200792000011088;2970001518;18
3645500792500011095;2970001518;18
3647800793000011102;2970001518;18
3650100793500011109;2970001518;18
3652400794000011116;2970001518;18
3654700794500011123;2970001518;18
3657000795000011130;2970001518;18
3659300795500011137;2970001518;18
3661600796000011144;2970001518;18
3663900796500011151;2970001518;18
3666200797000011158;2970001518;18
3668500797500011165;2970001518;18
3670800798000011172;2970001518;18
3673100798500011179;2970001518;18
3675400799000011186;2970001518;18
3677700799500011193;2970001518;18
3680000800000011200;2970001518;18
3682300800500011207;2970001518;18
3684600801000011214;2970001518;18
3686900801500011221;2970001518;18
3689200802000011228;2970001518;18
3691500802500011235;2970001518;18
3693800803000011242;2970001518;18
3696100803500011249;2970001518;18
3698400804000011256;2970001518;18
3700700804500011263;2970001518;18
3703000805000011270;2970001518;18
3705300805500011277;2970001518;18
3707600806000011284;2970001518;18
3709900806500011291;2970001518;18
3712200807000011298;2970001518;18
3714500807500011305;2970001518;18
3716800808000011312;2970001518;18
3719100808500011319;2970001518;18
3721400809000011326;2970001518;18
3723700809500011333;2970001518;18
3726000810000011340;2970001518;18
3728300810500011347;2970001518;18
3730600811000011354;2970001518;18
3732900811500011361;2970001518;18
3735200812000011368;2970001518;18
3737500812500011375;2970001518;18
3739800813000011382;2970001518;18
3742100813500011389;2970001518;18
3744400814000011396;2970001518;18
3746700814500011403;2970001518;18
3749000815000011410;2970001518;18
3751300815500011417;2970001518;18
3753600816000011424;2970001518;18
3755900816500011431;2970001518;18
3758200817000011438;2970001518;18
3760500817500011445;2970001518;18
3762800818000011452;2970001518;18
3765100818500011459;2970001518;18
3767400819000011466;2970001518;18
3769700819500011473;2970001518;18
3772000820000011480;2970001518;18
3774300820500011487;2970001518;18
3776600821000011494;2970001518;18
3778900821500011501;2970001518;18
3781200822000011508;2970001518;18
3783500822500011515;2970001518;18
3785800823000011522;2970001518;18
3788100823500011529;2970001518;18
3790400824000011536;2970001518;18
3792700824500011543;2970001518;18
3795000825000011550;2970001518;18
3797300825500011557;2970001518;18
3799600826000011564;2970001518;18
3801900826500011571;2970001518;18
3804200827000011578;2970001518;18
3806500827500011585;2970001518;18
3808800828000011592;2970001518;18
3811100828500011599;2970001518;18
3813400829000011606;2970001518;18
3815700829500011613;2970001518;18
3818000830000011620;2970001518;18
3820300830500011627;2970001518;18
3822600831000011634;2970001518;18
3824900831500011641;2970001518;18
3827200832000011648;2970001518;18
3829500832500011655;2970001518;18
3831800833000011662;2970001518;18
3834100833500011669;2970001518;18
3836400834000011676;2970001518;18
3838700834500011683;2970001518;18
3841000835000011690;2970001518;18
3843300835500011697;2970001518;18
3845600836000011704;2970001518;18
3847900836500011711;2970001518;18
3850200837000011718;2970001518;18
3852500837500011725;2970001518;18
3854800838000011732;2970001518;18
3857100838500011739;2970001518;18
3859400839000011746;2970001518;18
3861700839500011753;2970001518;18
3864000840000011760;2970001518;18
3866300840500011767;2970001518;18
3868600841000011774;2970001518;18
3870900841500011781;2970001518;18
3873200842000011788;2970001518;18
3875500842500011795;2970001518;18
3877800843000011802;2970001518;18
3880100843500011809;2970001518;18
3882400844000011816;2970001518;18
3884700844500011823;2970001518;18
3887000845000011830;2970001518;18
3889300845500011837;2970001518;18
3891600846000011844;2970001518;18
3893900846500011851;2970001518;18
3896200847000011858;2970001518;18
3898500847500011865;2970001518;18
3900800848000011872;2970001518;18
3903100848500011879;2970001518;18
3905400849000011886;2970001518;18
3907700849500011893;2970001518;18
3910000850000011900;2970001518;18
3912300850500011907;2970001518;18
3914600851000011914;2970001518;18
3916900851500011921;2970001518;18
3919200852000011928;2970001518;18
3921500852500011935;2970001518;18
3923800853000011942;2970001518;18
3926100853500011949;2970001518;18
3928400854000011956;2970001518;18
3930700854500011963;2970001518;18
3933000855000011970;2970001518;18
3935300855500011977;2970001518;18
3937600856000011984;2970001518;18
3939900856500011991;2970001518;18
3942200857000011998;2970001518;18
3944500857500012005;2970001518;19
3946800858000012012;2970001518;18
3949100858500012019;2970001518;19
3951400859000012026;2970001518;18
3953700859500012033;2970001518;18
3956000860000012040;2970001518;18
3958300860500012047;2970001518;18
3960600861000012054;2970001518;18
3962900861500012061;2970001518;18
3965200862000012068;2970001518;18
3967500862500012075;2970001518;18
3969800863000012082;2970001518;19
3972100863500012089;2970001518;18
3974400864000012096;2970001518;18
3976700864500012103;2970001518;18
3979000865000012110;2970001518;18
3981300865500012117;2970001518;18
3983600866000012124;2970001518;18
3985900866500012131;2970001518;18
3988200867000012138;2970001518;18
3990500867500012145;2970001518;18
3992800868000012152;2970001518;18
3995100868500012159;2970001518;19
3997400869000012166;2970001518;18
3999700869500012173;2970001518;18
4002000870000012180;2970001518;18
4004300870500012187;2970001518;18
4006600871000012194;2970001518;18
4008900871500012201;2970001518;18
4011200872000012208;2970001518;18
4013500872500012215;2970001518;18
4015800873000012222;2970001518;18
4018100873500012229;2970001518;18
4020400874000012236;2970001518;19
4022700874500012243;2970001518;18
4025000875000012250;2970001518;18
4027300875500012257;2970001518;18
4029600876000012264;2970001518;18
4031900876500012271;2970001518;18
4034200877000012278;2970001518;18
4036500877500012285;2970001518;18
4038800878000012292;2970001518;18
4041100878500012299;2970001518;18
4043400879000012306;2970001518;18
4045700879500012313;2970001518;19
4048000880000012320;2970001518;18
4050300880500012327;2970001518;18
4052600881000012334;2970001518;18
4054900881500012341;2970001518;18
4057200882000012348;2970001518;18
4059500882500012355;2970001518;18
4061800883000012362;2970001518;18
4064100883500012369;2970001518;18
4066400884000012376;2970001518;19
4068700884500012383;2970001518;18
4071000885000012390;2970001518;19
4073300885500012397;2970001518;18
4075600886000012404;2970001518;18
4077900886500012411;2970001518;18
4080200887000012418;2970001518;18
4082500887500012425;2970001518;18
4084800888000012432;2970001518;18
4087100888500012439;2970001518;18
4089400889000012446;2970001518;18
4091700889500012453;2970001518;19
4094000890000012460;2970001518;18
4096300890500012467;2970001518;19
4098600891000012474;2970001518;18
4100900891500012481;2970001518;18
4103200892000012488;2970001518;18
4105500892500012495;2970001518;18
4107800893000012502;2970001518;18
4110100893500012509;2970001518;18
4112400894000012516;2970001518;18
4114700894500012523;2970001518;18
4117000895000012530;2970001518;19
4119300895500012537;2970001518;18
4121600896000012544;2970001518;18
4123900896500012551;2970001518;18
4126200897000012558;2970001518;18
4128500897500012565;2970001518;18
4130800898000012572;2970001518;18
4133100898500012579;2970001518;18
4135400899000012586;2970001518;18
4137700899500012593;2970001518;18
4140000900000012600;2970001518;18
4142300900500012607;2970001518;19
4144600901000012614;2970001518;18
4146900901500012621;2970001518;18
4149200902000012628;2970001518;18
4151500902500012635;2970001518;18
4153800903000012642;2970001518;18
4156100903500012649;2970001518;18
4158400904000012656;2970001518;18
4160700904500012663;2970001518;18
4163000905000012670;2970001518;18
4165300905500012677;2970001518;18
4167600906000012684;2970001518;19
4169900906500012691;2970001518;18
4172200907000012698;2970001518;18
4174500907500012705;2970001518;18
4176800908000012712;2970001518;18
4179100908500012719;2970001518;18
4181400909000012726;2970001518;18
4183700909500012733;2970001518;18
4186000910000012740;2970001518;18
4188300910500012747;2970001518;18
4190600911000012754;2970001518;18
4192900911500012761;2970001518;19
4195200912000012768;2970001518;18
4197500912500012775;2970001518;18
4199800913000012782;2970001518;18
4202100913500012789;2970001518;18
4204400914000012796;2970001518;18
4206700914500012803;2970001518;18
4209000915000012810;2970001518;18
4211300915500012817;2970001518;18
4213600916000012824;2970001518;19
4215900916500012831;2970001518;18
4218200917000012838;2970001518;19
4220500917500012845;2970001518;18
4222800918000012852;2970001518;18
4225100918500012859;2970001518;18
4227400919000012866;2970001518;18
4229700919500012873;2970001518;18
4232000920000012880;2970001518;18
4234300920500012887;2970001518;18
4236600921000012894;2970001518;18
4238900921500012901;2970001518;19
4241200922000012908;2970001518;18
4243500922500012915;2970001518;18
4245800923000012922;2970001518;18
4248100923500012929;2970001518;18
4250400924000012936;2970001518;18
4252700924500012943;2970001518;18
4255000925000012950;2970001518;18
4257300925500012957;2970001518;18
4259600926000012964;2970001518;18
4261900926500012971;2970001518;18
4264200927000012978;2970001518;19
4266500927500012985;2970001518;18
4268800928000012992;2970001518;18
4271100928500012999;2970001518;18
4273400929000013006;2970001518;18
4275700929500013013;2970001518;18
4278000930000013020;2970001518;18
4280300930500013027;2970001518;18
4282600931000013034;2970001518;18
4284900931500013041;2970001518;18
4287200932000013048;2970001518;18
4289500932500013055;2970001518;19
4291800933000013062;2970001518;18
4294100933500013069;2970001518;18
4296400934000013076;2970001518;18
4298700934500013083;2970001518;18
4301000935000013090;2970001518;18
4303300935500013097;2970001518;18
4305600936000013104;2970001518;18
4307900936500013111;2970001518;18
4310200937000013118;2970001518;18
4312500937500013125;2970001518;18
4314800938000013132;2970001518;19
4317100938500013139;2970001518;18
4319400939000013146;2970001518;18
4321700939500013153;2970001518;18
4324000940000013160;2970001518;18
4326300940500013167;2970001518;18
4328600941000013174;2970001518;18
4330900941500013181;2970001518;18
4333200942000013188;2970001518;18
4335500942500013195;2970001518;19
4337800943000013202;2970001518;18
4340100943500013209;2970001518;19
4342400944000013216;2970001518;18
4344700944500013223;2970001518;18
4347000945000013230;2970001518;18
4349300945500013237;2970001518;18
4351600946000013244;2970001518;18
4353900946500013251;2970001518;18
4356200947000013258;2970001518;18
4358500947500013265;2970001518;18
4360800948000013272;2970001518;19
4363100948500013279;2970001518;18
4365400949000013286;2970001518;19
4367700949500013293;2970001518;18
4370000950000013300;2970001518;19
4372300950500013307;2970001518;18
4374600951000013314;2970001518;18
4376900951500013321;2970001518;18
4379200952000013328;2970001518;18
4381500952500013335;2970001518;18
4383800953000013342;2970001518;18
4386100953500013349;2970001518;19
4388400954000013356;2970001518;18
4390700954500013363;2970001518;19
4393000955000013370;2970001518;18
4395300955500013377;2970001518;19
4397600956000013384;2970001518;18
4399900956500013391;2970001518;18
4402200957000013398;2970001518;18
4404500957500013405;2970001518;18
4406800958000013412;2970001518;18
4409100958500013419;2970001518;18
4411400959000013426;2970001518;19
4413700959500013433;2970001518;18
4416000960000013440;2970001518;19
4418300960500013447;2970001518;18
4420600961000013454;2970001518;19
4422900961500013461;2970001518;18
4425200962000013468;2970001518;18
4427500962500013475;2970001518;18
4429800963000013482;2970001518;18
4432100963500013489;2970001518;18
4434400964000013496;2970001518;18
4436700964500013503;2970001518;19
4439000965000013510;2970001518;18
4441300965500013517;2970001518;19
4443600966000013524;2970001518;18
4445900966500013531;2970001518;19
4448200967000013538;2970001518;18
4450500967500013545;2970001518;18
4452800968000013552;2970001518;18
4455100968500013559;2970001518;18
4457400969000013566;2970001518;18
4459700969500013573;2970001518;18
4462000970000013580;2970001518;19
4464300970500013587;2970001518;18
4466600971000013594;2970001518;19
4468900971500013601;2970001518;18
4471200972000013608;2970001518;18
4473500972500013615;2970001518;18
4475800973000013622;2970001518;18
4478100973500013629;2970001518;18
4480400974000013636;2970001518;18
4482700974500013643;2970001518;19
4485000975000013650;2970001518;18
4487300975500013657;2970001518;19
4489600976000013664;2970001518;18
4491900976500013671;2970001518;19
4494200977000013678;2970001518;18
4496500977500013685;2970001518;18
4498800978000013692;2970001518;18
4501100978500013699;2970001518;18
4503400979000013706;2970001518;18
4505700979500013713;2970001518;18
4508000980000013720;2970001518;19
4510300980500013727;2970001518;18
4512600981000013734;2970001518;19
4514900981500013741;2970001518;18
4517200982000013748;2970001518;19
4519500982500013755;2970001518;18
4521800983000013762;2970001518;19
4524100983500013769;2970001518;18
4526400984000013776;2970001518;18
4528700984500013783;2970001518;18
4531000985000013790;2970001518;18
4533300985500013797;2970001518;19
4535600986000013804;2970001518;18
4537900986500013811;2970001518;19
4540200987000013818;2970001518;18
4542500987500013825;2970001518;19
4544800988000013832;2970001518;18
4547100988500013839;2970001518;19
4549400989000013846;2970001518;18
4551700989500013853;2970001518;18
4554000990000013860;2970001518;18
4556300990500013867;2970001518;18
4558600991000013874;2970001518;19
4560900991500013881;2970001518;18
4563200992000013888;2970001518;19
4565500992500013895;2970001518;18
4567800993000013902;2970001518;19
4570100993500013909;2970001518;18
4572400994000013916;2970001518;18
4574700994500013923;2970001518;18
4577000995000013930;2970001518;18
4579300995500013937;2970001518;18
4581600996000013944;2970001518;18
4583900996500013951;2970001518;19
4586200997000013958;2970001518;18
4588500997500013965;2970001518;19
4590800998000013972;2970001518;18
4593100998500013979;2970001518;19
4595400999000013986;2970001518;18
4597700999500013993;2970001518;18
4600001000000014000;2970001518;18
4602301000500014007;2970001518;18
4604601001000014014;2970001518;18
4606901001500014021;2970001518;18
4609201002000014028;2970001518;19
4611501002500014035;2970001518;18
4613801003000014042;2970001518;19
4616101003500014049;2970001518;18
4618401004000014056;2970001518;19
4620701004500014063;2970001518;18
4623001005000014070;2970001518;18
4625301005500014077;2970001518;18
4627601006000014084;2970001518;18
4629901006500014091;2970001518;19
4632201007000014098;2970001518;18
4634501007500014105;2970001518;19
4636801008000014112;2970001518;18
4639101008500014119;2970001518;19
4641401009000014126;2970001518;18
4643701009500014133;2970001518;19
4646001010000014140;2970001518;18
4648301010500014147;2970001518;18
4650601011000014154;2970001518;18
4652901011500014161;2970001518;18
4655201012000014168;2970001518;19
4657501012500014175;2970001518;18
4659801013000014182;2970001518;19
4662101013500014189;2970001518;18
4664401014000014196;2970001518;19
4666701014500014203;2970001518;18
4669001015000014210;2970001518;19
4671301015500014217;2970001518;18
4673601016000014224;2970001518;18
4675901016500014231;2970001518;18
4678201017000014238;2970001518;18
4680501017500014245;2970001518;19
4682801018000014252;2970001518;18
4685101018500014259;2970001518;19
4687401019000014266;2970001518;18
4689701019500014273;2970001518;19
4692001020000014280;2970001518;18
4694301020500014287;2970001518;19
4696601021000014294;2970001518;18
4698901021500014301;2970001518;18
4701201022000014308;2970001518;18
4703501022500014315;2970001518;18
4705801023000014322;2970001518;19
4708101023500014329;2970001518;18
4710401024000014336;2970001518;19
4712701024500014343;2970001518;18
4715001025000014350;2970001518;19
4717301025500014357;2970001518;18
4719601026000014364;2970001518;18
4721901026500014371;2970001518;18
4724201027000014378;2970001518;18
4726501027500014385;2970001518;18
4728801028000014392;2970001518;18
4731101028500014399;2970001518;19
4733401029000014406;2970001518;18
4735701029500014413;2970001518;19
4738001030000014420;2970001518;18
4740301030500014427;2970001518;19
4742601031000014434;2970001518;18
4744901031500014441;2970001518;18
4747201032000014448;2970001518;18
4749501032500014455;2970001518;18
4751801033000014462;2970001518;19
4754101033500014469;2970001518;18
4756401034000014476;2970001518;19
4758701034500014483;2970001518;18
4761001035000014490;2970001518;19
4763301035500014497;2970001518;18
4765601036000014504;2970001518;19
4767901036500014511;2970001518;18
4770201037000014518;2970001518;18
4772501037500014525;2970001518;18
4774801038000014532;2970001518;18
4777101038500014539;2970001518;19
4779401039000014546;2970001518;18
4781701039500014553;2970001518;19
4784001040000014560;2970001518;18
4786301040500014567;2970001518;19
4788601041000014574;2970001518;18
4790901041500014581;2970001518;19
4793201042000014588;2970001518;18
4795501042500014595;2970001518;18
4797801043000014602;2970001518;18
4800101043500014609;2970001518;18
4802401044000014616;2970001518;19
4804701044500014623;2970001518;18
4807001045000014630;2970001518;19
4809301045500014637;2970001518;18
4811601046000014644;2970001518;19
4813901046500014651;2970001518;18
4816201047000014658;2970001518;19
4818501047500014665;2970001518;18
4820801048000014672;2970001518;18
4823101048500014679;2970001518;18
4825401049000014686;2970001518;18
4827701049500014693;2970001518;19
4830001050000014700;2970001518;18
4832301050500014707;2970001518;19
4834601051000014714;2970001518;18
4836901051500014721;2970001518;19
4839201052000014728;2970001518;18
4841501052500014735;2970001518;19
4843801053000014742;2970001518;18
4846101053500014749;2970001518;18
4848401054000014756;2970001518;18
4850701054500014763;2970001518;18
4853001055000014770;2970001518;19
4855301055500014777;2970001518;18
4857601056000014784;2970001518;19
4859901056500014791;2970001518;18
4862201057000014798;2970001518;19
4864501057500014805;2970001518;18
4866801058000014812;2970001518;18
4869101058500014819;2970001518;18
4871401059000014826;2970001518;18
4873701059500014833;2970001518;18
4876001060000014840;2970001518;18
4878301060500014847;2970001518;19
4880601061000014854;2970001518;18
4882901061500014861;2970001518;19
4885201062000014868;2970001518;18
4887501062500014875;2970001518;19
4889801063000014882;2970001518;18
4892101063500014889;2970001518;18
4894401064000014896;2970001518;18
4896701064500014903;2970001518;18
4899001065000014910;2970001518;19
4901301065500014917;2970001518;18
4903601066000014924;2970001518;19
4905901066500014931;2970001518;18
4908201067000014938;2970001518;19
4910501067500014945;2970001518;18
4912801068000014952;2970001518;19
4915101068500014959;2970001518;18
4917401069000014966;2970001518;18
4919701069500014973;2970001518;18
4922001070000014980;2970001518;18
4924301070500014987;2970001518;19
4926601071000014994;2970001518;18
4928901071500015001;2970001518;19
4931201072000015008;2970001518;18
4933501072500015015;2970001518;19
4935801073000015022;2970001518;18
4938101073500015029;2970001518;19
4940401074000015036;2970001518;18
4942701074500015043;2970001518;18
4945001075000015050;2970001518;18
4947301075500015057;2970001518;18
4949601076000015064;2970001518;19
4951901076500015071;2970001518;18
4954201077000015078;2970001518;19
4956501077500015085;2970001518;18
4958801078000015092;2970001518;19
4961101078500015099;2970001518;18
4963401079000015106;2970001518;19
4965701079500015113;2970001518;18
4968001080000015120;2970001518;18
4970301080500015127;2970001518;18
4972601081000015134;2970001518;18
4974901081500015141;2970001518;19
4977201082000015148;2970001518;18
4979501082500015155;2970001518;19
4981801083000015162;2970001518;18
4984101083500015169;2970001518;19
4986401084000015176;2970001518;18
4988701084500015183;2970001518;19
4991001085000015190;2970001518;18
4993301085500015197;2970001518;18
4995601086000015204;2970001518;18
4997901086500015211;2970001518;18
5000201087000015218;2970001518;19
5002501087500015225;2970001518;18
5004801088000015232;2970001518;19
5007101088500015239;2970001518;18
5009401089000015246;2970001518;19
5011701089500015253;2970001518;18
5014001090000015260;2970001518;18
5016301090500015267;2970001518;18
5018601091000015274;2970001518;18
5020901091500015281;2970001518;18
5023201092000015288;2970001518;18
5025501092500015295;2970001518;19
5027801093000015302;2970001518;18
5030101093500015309;2970001518;19
5032401094000015316;2970001518;18
5034701094500015323;2970001518;19
5037001095000015330;2970001518;18
5039301095500015337;2970001518;18
5041601096000015344;2970001518;18
5043901096500015351;2970001518;18
5046201097000015358;2970001518;19
5048501097500015365;2970001518;18
5050801098000015372;2970001518;19
5053101098500015379;2970001518;18
5055401099000015386;2970001518;19
5057701099500015393;2970001518;18
5060001100000015400;2970001518;19
5062301100500015407;2970001518;18
5064601101000015414;2970001518;18
5066901101500015421;2970001518;18
5069201102000015428;2970001518;18
5071501102500015435;2970001518;19
5073801103000015442;2970001518;18
5076101103500015449;2970001518;19
5078401104000015456;2970001518;18
5080701104500015463;2970001518;19
5083001105000015470;2970001518;18
5085301105500015477;2970001518;19
5087601106000015484;2970001518;18
5089901106500015491;2970001518;18
5092201107000015498;2970001518;18
5094501107500015505;2970001518;18
5096801108000015512;2970001518;19
5099101108500015519;2970001518;18
5101401109000015526;2970001518;19
5103701109500015533;2970001518;18
5106001110000015540;2970001518;19
5108301110500015547;2970001518;18
5110601111000015554;2970001518;19
5112901111500015561;2970001518;18
5115201112000015568;2970001518;18
5117501112500015575;2970001518;18
5119801113000015582;2970001518;18
5122101113500015589;2970001518;19
5124401114000015596;2970001518;18
5126701114500015603;2970001518;19
5129001115000015610;2970001518;18
5131301115500015617;2970001518;19
5133601116000015624;2970001518;18
5135901116500015631;2970001518;18
5138201117000015638;2970001518;18
5140501117500015645;2970001518;18
5142801118000015652;2970001518;18
5145101118500015659;2970001518;18
5147401119000015666;2970001518;19
5149701119500015673;2970001518;18
5152001120000015680;2970001518;19
5154301120500015687;2970001518;18
5156601121000015694;2970001518;19
5158901121500015701;2970001518;18
5161201122000015708;2970001518;18
5163501122500015715;2970001518;18
5165801123000015722;2970001518;18
5168101123500015729;2970001518;18
5170401124000015736;2970001518;18
5172701124500015743;2970001518;19
5175001125000015750;2970001518;18
5177301125500015757;2970001518;19
5179601126000015764;2970001518;18
5181901126500015771;2970001518;19
5184201127000015778;2970001518;18
5186501127500015785;2970001518;18
5188801128000015792;2970001518;18
5191101128500015799;2970001518;18
5193401129000015806;2970001518;19
5195701129500015813;2970001518;18
5198001130000015820;2970001518;19
5200301130500015827;2970001518;18
5202601131000015834;2970001518;19
5204901131500015841;2970001518;18
5207201132000015848;2970001518;19
5209501132500015855;2970001518;18
5211801133000015862;2970001518;18
5214101133500015869;2970001518;18
5216401134000015876;2970001518;18
5218701134500015883;2970001518;19
5221001135000015890;2970001518;18
5223301135500015897;2970001518;19
5225601136000015904;2970001518;18
5227901136500015911;2970001518;19
5230201137000015918;2970001518;18
5232501137500015925;2970001518;19
5234801138000015932;2970001518;18
5237101138500015939;2970001518;18
5239401139000015946;2970001518;18
5241701139500015953;2970001518;18
5244001140000015960;2970001518;19
5246301140500015967;2970001518;18
5248601141000015974;2970001518;19
5250901141500015981;2970001518;18
5253201142000015988;2970001518;19
5255501142500015995;2970001518;18
5257801143000016002;2970001518;19
5260101143500016009;2970001518;18
5262401144000016016;2970001518;18
5264701144500016023;2970001518;18
5267001145000016030;2970001518;18
5269301145500016037;2970001518;19
5271601146000016044;2970001518;18
5273901146500016051;2970001518;19
5276201147000016058;2970001518;18
5278501147500016065;2970001518;19
5280801148000016072;2970001518;18
5283101148500016079;2970001518;18
5285401149000016086;2970001518;18
5287701149500016093;2970001518;18
5290001150000016100;2970001518;18
5292301150500016107;2970001518;18
5294601151000016114;2970001518;19
5296901151500016121;2970001518;18
5299201152000016128;2970001518;19
5301501152500016135;2970001518;18
5303801153000016142;2970001518;19
5306101153500016149;2970001518;18
5308401154000016156;2970001518;18
5310701154500016163;2970001518;18
5313001155000016170;2970001518;18
5315301155500016177;2970001518;19
5317601156000016184;2970001518;18
5319901156500016191;2970001518;19
5322201157000016198;2970001518;18
5324501157500016205;2970001518;19
5326801158000016212;2970001518;18
5329101158500016219;2970001518;19
5331401159000016226;2970001518;18
5333701159500016233;2970001518;18
5336001160000016240;2970001518;18
5338301160500016247;2970001518;18
5340601161000016254;2970001518;19
5342901161500016261;2970001518;18
5345201162000016268;2970001518;19
5347501162500016275;2970001518;18
5349801163000016282;2970001518;19
5352101163500016289;2970001518;18
5354401164000016296;2970001518;19
5356701164500016303;2970001518;18
5359001165000016310;2970001518;18
5361301165500016317;2970001518;18
5363601166000016324;2970001518;18
5365901166500016331;2970001518;19
5368201167000016338;2970001518;18
5370501167500016345;2970001518;19
5372801168000016352;2970001518;18
5375101168500016359;2970001518;19
5377401169000016366;2970001518;18
5379701169500016373;2970001518;19
5382001170000016380;2970001518;18
5384301170500016387;2970001518;18
5386601171000016394;2970001518;18
5388901171500016401;2970001518;18
5391201172000016408;2970001518;19
5393501172500016415;2970001518;18
5395801173000016422;2970001518;19
5398101173500016429;2970001518;18
5400401174000016436;2970001518;19
5402701174500016443;2970001518;18
5405001175000016450;2970001518;19
5407301175500016457;2970001518;18
5409601176000016464;2970001518;18
5411901176500016471;2970001518;18
5414201177000016478;2970001518;18
5416501177500016485;2970001518;19
5418801178000016492;2970001518;18
5421101178500016499;2970001518;19
5423401179000016506;2970001518;18
5425701179500016513;2970001518;19
5428001180000016520;2970001518;18
5430301180500016527;2970001518;18
5432601181000016534;2970001518;18
5434901181500016541;2970001518;18
5437201182000016548;2970001518;18
5439501182500016555;2970001518;18
5441801183000016562;2970001518;19
5444101183500016569;2970001518;18
5446401184000016576;2970001518;19
5448701184500016583;2970001518;18
5451001185000016590;2970001518;19
5453301185500016597;2970001518;18
5455601186000016604;2970001518;18
5457901186500016611;2970001518;18
5460201187000016618;2970001518;18
5462501187500016625;2970001518;19
5464801188000016632;2970001518;18
5467101188500016639;2970001518;19
5469401189000016646;2970001518;18
5471701189500016653;2970001518;19
5474001190000016660;2970001518;18
5476301190500016667;2970001518;19
5478601191000016674;2970001518;18
5480901191500016681;2970001518;18
5483201192000016688;2970001518;18
5485501192500016695;2970001518;18
5487801193000016702;2970001518;19
5490101193500016709;2970001518;18
5492401194000016716;2970001518;19
5494701194500016723;2970001518;18
5497001195000016730;2970001518;19
5499301195500016737;2970001518;18
5501601196000016744;2970001518;19
5503901196500016751;2970001518;18
5506201197000016758;2970001518;18
5508501197500016765;2970001518;18
5510801198000016772;2970001518;18
5513101198500016779;2970001518;19
5515401199000016786;2970001518;18
5517701199500016793;2970001518;19
5520001200000016800;2970001518;18
5522301200500016807;2970001518;19
5524601201000016814;2970001518;18
5526901201500016821;2970001518;19
5529201202000016828;2970001518;18
5531501202500016835;2970001518;18
5533801203000016842;2970001518;18
5536101203500016849;2970001518;18
5538401204000016856;2970001518;19
5540701204500016863;2970001518;18
5543001205000016870;2970001518;19
5545301205500016877;2970001518;18
5547601206000016884;2970001518;19
5549901206500016891;2970001518;18
5552201207000016898;2970001518;18
5554501207500016905;2970001518;18
5556801208000016912;2970001518;18
5559101208500016919;2970001518;18
5561401209000016926;2970001518;18
5563701209500016933;2970001518;19
5566001210000016940;2970001518;18
5568301210500016947;2970001518;19
5570601211000016954;2970001518;18
5572901211500016961;2970001518;19
5575201212000016968;2970001518;18
5577501212500016975;2970001518;18
5579801213000016982;2970001518;18
5582101213500016989;2970001518;18
5584401214000016996;2970001518;18
5586701214500017003;2970001518;18
5589001215000017010;2970001518;19
5591301215500017017;2970001518;18
5593601216000017024;2970001518;19
5595901216500017031;2970001518;18
5598201217000017038;2970001518;19
5600501217500017045;2970001518;18
5602801218000017052;2970001518;18
5605101218500017059;2970001518;18
5607401219000017066;2970001518;18
5609701219500017073;2970001518;19
5612001220000017080;2970001518;18
5614301220500017087;2970001518;19
5616601221000017094;2970001518;18
5618901221500017101;2970001518;19
5621201222000017108;2970001518;18
5623501222500017115;2970001518;19
5625801223000017122;2970001518;18
5628101223500017129;2970001518;18
5630401224000017136;2970001518;18
5632701224500017143;2970001518;18
5635001225000017150;2970001518;19
5637301225500017157;2970001518;18
5639601226000017164;2970001518;19
5641901226500017171;2970001518;18
5644201227000017178;2970001518;19
5646501227500017185;2970001518;18
5648801228000017192;2970001518;19
5651101228500017199;2970001518;18
5653401229000017206;2970001518;18
5655701229500017213;2970001518;18
5658001230000017220;2970001518;18
5660301230500017227;2970001518;19
5662601231000017234;2970001518;18
5664901231500017241;2970001518;19
5667201232000017248;2970001518;18
5669501232500017255;2970001518;19
5671801233000017262;2970001518;18
5674101233500017269;2970001518;19
5676401234000017276;2970001518;18
5678701234500017283;2970001518;18
5681001235000017290;2970001518;18
5683301235500017297;2970001518;18
5685601236000017304;2970001518;19
5687901236500017311;2970001518;18
5690201237000017318;2970001518;19
5692501237500017325;2970001518;18
5694801238000017332;2970001518;19
5697101238500017339;2970001518;18
5699401239000017346;2970001518;18
5701701239500017353;2970001518;18
5704001240000017360;2970001518;18
5706301240500017367;2970001518;18
5708601241000017374;2970001518;18
5710901241500017381;2970001518;19
5713201242000017388;2970001518;18
5715501242500017395;2970001518;19
5717801243000017402;2970001518;18
5720101243500017409;2970001518;19
5722401244000017416;2970001518;18
5724701244500017423;2970001518;19
5727001245000017430;2970001518;18
5729301245500017437;2970001518;18
5731601246000017444;2970001518;19
5733901246500017451;2970001518;18
5736201247000017458;2970001518;19
5738501247500017465;2970001518;18
5740801248000017472;2970001518;19
5743101248500017479;2970001518;18
5745401249000017486;2970001518;19
5747701249500017493;2970001518;18
5750001250000017500;2970001518;19
5752301250500017507;2970001518;18
5754601251000017514;2970001518;18
5756901251500017521;2970001518;19
5759201252000017528;2970001518;18
5761501252500017535;2970001518;19
5763801253000017542;2970001518;18
5766101253500017549;2970001518;19
5768401254000017556;2970001518;18
5770701254500017563;2970001518;19
5773001255000017570;2970001518;18
5775301255500017577;2970001518;18
5777601256000017584;2970001518;18
5779901256500017591;2970001518;18
5782201257000017598;2970001518;19
5784501257500017605;2970001518;18
5786801258000017612;2970001518;19
5789101258500017619;2970001518;18
5791401259000017626;2970001518;19
5793701259500017633;2970001518;18
5796001260000017640;2970001518;19
5798301260500017647;2970001518;18
5800601261000017654;2970001518;18
5802901261500017661;2970001518;18
5805201262000017668;2970001518;18
5807501262500017675;2970001518;19
5809801263000017682;2970001518;18
5812101263500017689;2970001518;19
5814401264000017696;2970001518;18
5816701264500017703;2970001518;19
5819001265000017710;2970001518;18
5821301265500017717;2970001518;19
5823601266000017724;2970001518;18
5825901266500017731;2970001518;18
5828201267000017738;2970001518;18
5830501267500017745;2970001518;18
5832801268000017752;2970001518;19
5835101268500017759;2970001518;18
5837401269000017766;2970001518;19
5839701269500017773;2970001518;18
5842001270000017780;2970001518;19
5844301270500017787;2970001518;18
5846601271000017794;2970001518;19
5848901271500017801;2970001518;18
5851201272000017808;2970001518;18
5853501272500017815;2970001518;18
5855801273000017822;2970001518;18
5858101273500017829;2970001518;19
5860401274000017836;2970001518;18
5862701274500017843;2970001518;19
5865001275000017850;2970001518;18
5867301275500017857;2970001518;19
5869601276000017864;2970001518;18
5871901276500017871;2970001518;19
5874201277000017878;2970001518;18
5876501277500017885;2970001518;18
5878801278000017892;2970001518;19
5881101278500017899;2970001518;18
5883401279000017906;2970001518;19
5885701279500017913;2970001518;18
5888001280000017920;2970001518;19
5890301280500017927;2970001518;18
5892601281000017934;2970001518;19
5894901281500017941;2970001518;18
5897201282000017948;2970001518;19
5899501282500017955;2970001518;18
5901801283000017962;2970001518;18
5904101283500017969;2970001518;19
5906401284000017976;2970001518;18
5908701284500017983;2970001518;19
5911001285000017990;2970001518;18
5913301285500017997;2970001518;19
5915601286000018004;2970001518;18
5917901286500018011;2970001518;19
5920201287000018018;2970001518;18
5922501287500018025;2970001518;19
5924801288000018032;2970001518;18
5927101288500018039;2970001518;18
5929401289000018046;2970001518;19
5931701289500018053;2970001518;18
5934001290000018060;2970001518;19
5936301290500018067;2970001518;18
5938601291000018074;2970001518;19
5940901291500018081;2970001518;18
5943201292000018088;2970001518;19
5945501292500018095;2970001518;18
5947801293000018102;2970001518;19
5950101293500018109;2970001518;18
5952401294000018116;2970001518;18
5954701294500018123;2970001518;19
5957001295000018130;2970001518;18
5959301295500018137;2970001518;19
5961601296000018144;2970001518;18
5963901296500018151;2970001518;19
5966201297000018158;2970001518;18
5968501297500018165;2970001518;19
5970801298000018172;2970001518;18
5973101298500018179;2970001518;19
5975401299000018186;2970001518;18
5977701299500018193;2970001518;18
5980001300000018200;2970001518;19
5982301300500018207;2970001518;18
5984601301000018214;2970001518;19
5986901301500018221;2970001518;18
5989201302000018228;2970001518;19
5991501302500018235;2970001518;18
5993801303000018242;2970001518;19
5996101303500018249;2970001518;18
5998401304000018256;2970001518;19
6000701304500018263;2970001518;18
6003001305000018270;2970001518;18
6005301305500018277;2970001518;19
6007601306000018284;2970001518;18
6009901306500018291;2970001518;19
6012201307000018298;2970001518;18
6014501307500018305;2970001518;19
6016801308000018312;2970001518;18
6019101308500018319;2970001518;19
6021401309000018326;2970001518;18
6023701309500018333;2970001518;18
6026001310000018340;2970001518;19
6028301310500018347;2970001518;18
6030601311000018354;2970001518;19
6032901311500018361;2970001518;18
6035201312000018368;2970001518;19
6037501312500018375;2970001518;18
6039801313000018382;2970001518;19
6042101313500018389;2970001518;18
6044401314000018396;2970001518;19
6046701314500018403;2970001518;18
6049001315000018410;2970001518;18
6051301315500018417;2970001518;19
6053601316000018424;2970001518;18
6055901316500018431;2970001518;19
6058201317000018438;2970001518;18
6060501317500018445;2970001518;19
6062801318000018452;2970001518;18
6065101318500018459;2970001518;19
6067401319000018466;2970001518;18
6069701319500018473;2970001518;19
6072001320000018480;2970001518;18
6074301320500018487;2970001518;18
6076601321000018494;2970001518;19
6078901321500018501;2970001518;18
6081201322000018508;2970001518;19
6083501322500018515;2970001518;18
6085801323000018522;2970001518;19
6088101323500018529;2970001518;18
6090401324000018536;2970001518;19
6092701324500018543;2970001518;18
6095001325000018550;2970001518;19
6097301325500018557;2970001518;18
6099601326000018564;2970001518;18
6101901326500018571;2970001518;19
6104201327000018578;2970001518;18
6106501327500018585;2970001518;19
6108801328000018592;2970001518;18
6111101328500018599;2970001518;19
6113401329000018606;2970001518;18
6115701329500018613;2970001518;19
6118001330000018620;2970001518;18
6120301330500018627;2970001518;19
6122601331000018634;2970001518;18
6124901331500018641;2970001518;18
6127201332000018648;2970001518;19
6129501332500018655;2970001518;18
6131801333000018662;2970001518;19
6134101333500018669;2970001518;18
6136401334000018676;2970001518;19
6138701334500018683;2970001518;18
6141001335000018690;2970001518;19
6143301335500018697;2970001518;18
6145601336000018704;2970001518;19
6147901336500018711;2970001518;19
6150201337000018718;2970001518;18
6152501337500018725;2970001518;19
6154801338000018732;2970001518;18
6157101338500018739;2970001518;19
6159401339000018746;2970001518;18
6161701339500018753;2970001518;19
6164001340000018760;2970001518;18
6166301340500018767;2970001518;19
6168601341000018774;2970001518;18
6170901341500018781;2970001518;18
6173201342000018788;2970001518;19
6175501342500018795;2970001518;18
6177801343000018802;2970001518;19
6180101343500018809;2970001518;18
6182401344000018816;2970001518;19
6184701344500018823;2970001518;18
6187001345000018830;2970001518;19
6189301345500018837;2970001518;18
6191601346000018844;2970001518;19
6193901346500018851;2970001518;18
6196201347000018858;2970001518;18
6198501347500018865;2970001518;19
6200801348000018872;2970001518;18
6203101348500018879;2970001518;19
6205401349000018886;2970001518;18
6207701349500018893;2970001518;19
6210001350000018900;2970001518;18
6212301350500018907;2970001518;19
6214601351000018914;2970001518;18
6216901351500018921;2970001518;19
6219201352000018928;2970001518;18
6221501352500018935;2970001518;18
6223801353000018942;2970001518;19
6226101353500018949;2970001518;18
6228401354000018956;2970001518;19
6230701354500018963;2970001518;18
6233001355000018970;2970001518;19
6235301355500018977;2970001518;18
6237601356000018984;2970001518;19
6239901356500018991;2970001518;18
6242201357000018998;2970001518;19
6244501357500019005;2970001518;18
6246801358000019012;2970001518;18
6249101358500019019;2970001518;19
6251401359000019026;2970001518;18
6253701359500019033;2970001518;19
6256001360000019040;2970001518;18
6258301360500019047;2970001518;19
6260601361000019054;2970001518;18
6262901361500019061;2970001518;19
6265201362000019068;2970001518;18
6267501362500019075;2970001518;19
6269801363000019082;2970001518;18
6272101363500019089;2970001518;18
6274401364000019096;2970001518;19
6276701364500019103;2970001518;18
6279001365000019110;2970001518;19
6281301365500019117;2970001518;18
6283601366000019124;2970001518;19
6285901366500019131;2970001518;18
6288201367000019138;2970001518;19
6290501367500019145;2970001518;18
6292801368000019152;2970001518;19
6295101368500019159;2970001518;19
6297401369000019166;2970001518;18
6299701369500019173;2970001518;19
6302001370000019180;2970001518;18
6304301370500019187;2970001518;19
6306601371000019194;2970001518;18
6308901371500019201;2970001518;19
6311201372000019208;2970001518;18
6313501372500019215;2970001518;19
6315801373000019222;2970001518;18
6318101373500019229;2970001518;19
6320401374000019236;2970001518;19
6322701374500019243;2970001518;19
6325001375000019250;2970001518;19
6327301375500019257;2970001518;19
6329601376000019264;2970001518;19
6331901376500019271;2970001518;18
6334201377000019278;2970001518;19
6336501377500019285;2970001518;18
6338801378000019292;2970001518;19
6341101378500019299;2970001518;18
6343401379000019306;2970001518;19
6345701379500019313;2970001518;19
6348001380000019320;2970001518;19
6350301380500019327;2970001518;19
6352601381000019334;2970001518;19
6354901381500019341;2970001518;19
6357201382000019348;2970001518;18
6359501382500019355;2970001518;19
6361801383000019362;2970001518;18
6364101383500019369;2970001518;19
6366401384000019376;2970001518;18
6368701384500019383;2970001518;19
6371001385000019390;2970001518;19
6373301385500019397;2970001518;19
6375601386000019404;2970001518;19
6377901386500019411;2970001518;19
6380201387000019418;2970001518;19
6382501387500019425;2970001518;18
6384801388000019432;2970001518;19
6387101388500019439;2970001518;18
6389401389000019446;2970001518;19
6391701389500019453;2970001518;18
6394001390000019460;2970001518;19
6396301390500019467;2970001518;19
6398601391000019474;2970001518;19
6400901391500019481;2970001518;19
6403201392000019488;2970001518;19
6405501392500019495;2970001518;19
6407801393000019502;2970001518;18
6410101393500019509;2970001518;19
6412401394000019516;2970001518;18
6414701394500019523;2970001518;19
6417001395000019530;2970001518;18
6419301395500019537;2970001518;19
6421601396000019544;2970001518;19
6423901396500019551;2970001518;19
6426201397000019558;2970001518;19
6428501397500019565;2970001518;18
6430801398000019572;2970001518;19
6433101398500019579;2970001518;18
6435401399000019586;2970001518;19
6437701399500019593;2970001518;18
6440001400000019600;2970001518;19
6442301400500019607;2970001518;19
6444601401000019614;2970001518;19
6446901401500019621;2970001518;19
6449201402000019628;2970001518;19
6451501402500019635;2970001518;19
6453801403000019642;2970001518;18
6456101403500019649;2970001518;19
6458401404000019656;2970001518;18
6460701404500019663;2970001518;19
6463001405000019670;2970001518;18
6465301405500019677;2970001518;19
6467601406000019684;2970001518;19
6469901406500019691;2970001518;19
6472201407000019698;2970001518;19
6474501407500019705;2970001518;19
6476801408000019712;2970001518;19
6479101408500019719;2970001518;18
6481401409000019726;2970001518;19
6483701409500019733;2970001518;18
6486001410000019740;2970001518;19
6488301410500019747;2970001518;18
6490601411000019754;2970001518;19
6492901411500019761;2970001518;19
6495201412000019768;2970001518;19
6497501412500019775;2970001518;19
6499801413000019782;2970001518;19
6502101413500019789;2970001518;19
6504401414000019796;2970001518;19
6506701414500019803;2970001518;19
6509001415000019810;2970001518;18
6511301415500019817;2970001518;19
6513601416000019824;2970001518;18
6515901416500019831;2970001518;19
6518201417000019838;2970001518;19
6520501417500019845;2970001518;19
6522801418000019852;2970001518;19
6525101418500019859;2970001518;19
6527401419000019866;2970001518;19
6529701419500019873;2970001518;18
6532001420000019880;2970001518;19
6534301420500019887;2970001518;18
6536601421000019894;2970001518;19
6538901421500019901;2970001518;18
6541201422000019908;2970001518;19
6543501422500019915;2970001518;19
6545801423000019922;2970001518;19
6548101423500019929;2970001518;19
6550401424000019936;2970001518;19
6552701424500019943;2970001518;19
6555001425000019950;2970001518;18
6557301425500019957;2970001518;19
6559601426000019964;2970001518;18
6561901426500019971;2970001518;19
6564201427000019978;2970001518;18
6566501427500019985;2970001518;19
6568801428000019992;2970001518;19
6571101428500019999;2970001518;19
6573401429000020006;2970001518;19
6575701429500020013;2970001518;19
6578001430000020020;2970001518;19
6580301430500020027;2970001518;18
6582601431000020034;2970001518;19
6584901431500020041;2970001518;18
6587201432000020048;2970001518;19
6589501432500020055;2970001518;19
6591801433000020062;2970001518;19
6594101433500020069;2970001518;19
6596401434000020076;2970001518;19
6598701434500020083;2970001518;19
6601001435000020090;2970001518;19
6603301435500020097;2970001518;19
6605601436000020104;2970001518;18
6607901436500020111;2970001518;19
6610201437000020118;2970001518;18
6612501437500020125;2970001518;19
6614801438000020132;2970001518;19
6617101438500020139;2970001518;19
6619401439000020146;2970001518;19
6621701439500020153;2970001518;19
6624001440000020160;2970001518;19
6626301440500020167;2970001518;19
6628601441000020174;2970001518;19
6630901441500020181;2970001518;18
6633201442000020188;2970001518;19
6635501442500020195;2970001518;18
6637801443000020202;2970001518;19
6640101443500020209;2970001518;19
6642401444000020216;2970001518;19
6644701444500020223;2970001518;19
6647001445000020230;2970001518;19
6649301445500020237;2970001518;19
6651601446000020244;2970001518;19
6653901446500020251;2970001518;19
6656201447000020258;2970001518;18
6658501447500020265;2970001518;19
6660801448000020272;2970001518;18
6663101448500020279;2970001518;19
6665401449000020286;2970001518;19
6667701449500020293;2970001518;19
6670001450000020300;2970001518;19
6672301450500020307;2970001518;19
6674601451000020314;2970001518;19
6676901451500020321;2970001518;18
6679201452000020328;2970001518;19
6681501452500020335;2970001518;18
6683801453000020342;2970001518;19
6686101453500020349;2970001518;18
6688401454000020356;2970001518;19
6690701454500020363;2970001518;19
6693001455000020370;2970001518;19
6695301455500020377;2970001518;19
6697601456000020384;2970001518;19
6699901456500020391;2970001518;19
6702201457000020398;2970001518;18
6704501457500020405;2970001518;19
6706801458000020412;2970001518;18
6709101458500020419;2970001518;19
6711401459000020426;2970001518;19
6713701459500020433;2970001518;19
6716001460000020440;2970001518;19
6718301460500020447;2970001518;19
6720601461000020454;2970001518;19
6722901461500020461;2970001518;19
6725201462000020468;2970001518;19
6727501462500020475;2970001518;18
6729801463000020482;2970001518;19
6732101463500020489;2970001518;18
6734401464000020496;2970001518;19
6736701464500020503;2970001518;19
6739001465000020510;2970001518;19
6741301465500020517;2970001518;19
6743601466000020524;2970001518;19
6745901466500020531;2970001518;19
6748201467000020538;2970001518;19
6750501467500020545;2970001518;19
6752801468000020552;2970001518;18
6755101468500020559;2970001518;19
6757401469000020566;2970001518;18
6759701469500020573;2970001518;19
6762001470000020580;2970001518;19
6764301470500020587;2970001518;19
6766601471000020594;2970001518;19
6768901471500020601;2970001518;19
6771201472000020608;2970001518;19
6773501472500020615;2970001518;19
6775801473000020622;2970001518;19
6778101473500020629;2970001518;18
6780401474000020636;2970001518;19
6782701474500020643;2970001518;18
6785001475000020650;2970001518;19
6787301475500020657;2970001518;19
6789601476000020664;2970001518;19
6791901476500020671;2970001518;19
6794201477000020678;2970001518;19
6796501477500020685;2970001518;19
6798801478000020692;2970001518;18
6801101478500020699;2970001518;19
6803401479000020706;2970001518;18
6805701479500020713;2970001518;19
6808001480000020720;2970001518;18
6810301480500020727;2970001518;19
6812601481000020734;2970001518;19
6814901481500020741;2970001518;19
6817201482000020748;2970001518;19
6819501482500020755;2970001518;19
6821801483000020762;2970001518;19
6824101483500020769;2970001518;18
6826401484000020776;2970001518;19
6828701484500020783;2970001518;18
6831001485000020790;2970001518;19
6833301485500020797;2970001518;18
6835601486000020804;2970001518;19
6837901486500020811;2970001518;19
6840201487000020818;2970001518;19
6842501487500020825;2970001518;19
6844801488000020832;2970001518;19
6847101488500020839;2970001518;19
6849401489000020846;2970001518;18
6851701489500020853;2970001518;19
6854001490000020860;2970001518;18
6856301490500020867;2970001518;19
6858601491000020874;2970001518;19
6860901491500020881;2970001518;19
6863201492000020888;2970001518;19
6865501492500020895;2970001518;19
6867801493000020902;2970001518;19
6870101493500020909;2970001518;19
6872401494000020916;2970001518;19
6874701494500020923;2970001518;18
6877001495000020930;2970001518;19
6879301495500020937;2970001518;18
6881601496000020944;2970001518;19
6883901496500020951;2970001518;19
6886201497000020958;2970001518;19
6888501497500020965;2970001518;19
6890801498000020972;2970001518;19
6893101498500020979;2970001518;19
6895401499000020986;2970001518;19
6897701499500020993;2970001518;19
6900001500000021000;2970001518;18
6902301500500021007;2970001518;19
6904601501000021014;2970001518;18
6906901501500021021;2970001518;19
6909201502000021028;2970001518;19
6911501502500021035;2970001518;19
6913801503000021042;2970001518;19
6916101503500021049;2970001518;19
6918401504000021056;2970001518;19
6920701504500021063;2970001518;19
6923001505000021070;2970001518;19
6925301505500021077;2970001518;18
6927601506000021084;2970001518;19
6929901506500021091;2970001518;18
6932201507000021098;2970001518;19
6934501507500021105;2970001518;19
6936801508000021112;2970001518;19
6939101508500021119;2970001518;19
6941401509000021126;2970001518;19
6943701509500021133;2970001518;19
6946001510000021140;2970001518;18
6948301510500021147;2970001518;19
6950601511000021154;2970001518;18
6952901511500021161;2970001518;19
6955201512000021168;2970001518;18
6957501512500021175;2970001518;19
6959801513000021182;2970001518;19
6962101513500021189;2970001518;19
6964401514000021196;2970001518;19
6966701514500021203;2970001518;19
6969001515000021210;2970001518;19
6971301515500021217;2970001518;18
6973601516000021224;2970001518;19
6975901516500021231;2970001518;18
6978201517000021238;2970001518;19
6980501517500021245;2970001518;18
6982801518000021252;2970001518;19
6985101518500021259;2970001518;19
6987401519000021266;2970001518;19
6989701519500021273;2970001518;19
6992001520000021280;2970001518;19
6994301520500021287;2970001518;19
6996601521000021294;2970001518;18
6998901521500021301;2970001518;19
7001201522000021308;2970001518;18
7003501522500021315;2970001518;19
7005801523000021322;2970001518;19
7008101523500021329;2970001518;19
7010401524000021336;2970001518;19
7012701524500021343;2970001518;19
7015001525000021350;2970001518;19
7017301525500021357;2970001518;19
7019601526000021364;2970001518;19
7021901526500021371;2970001518;18
7024201527000021378;2970001518;19
7026501527500021385;2970001518;18
7028801528000021392;2970001518;19
7031101528500021399;2970001518;19
7033401529000021406;2970001518;19
7035701529500021413;2970001518;19
7038001530000021420;2970001518;19
7040301530500021427;2970001518;19
7042601531000021434;2970001518;19
7044901531500021441;2970001518;19
7047201532000021448;2970001518;18
7049501532500021455;2970001518;19
7051801533000021462;2970001518;18
7054101533500021469;2970001518;19
7056401534000021476;2970001518;19
7058701534500021483;2970001518;19
7061001535000021490;2970001518;19
7063301535500021497;2970001518;19
7065601536000021504;2970001518;19
7067901536500021511;2970001518;19
7070201537000021518;2970001518;19
7072501537500021525;2970001518;18
7074801538000021532;2970001518;19
7077101538500021539;2970001518;18
7079401539000021546;2970001518;19
7081701539500021553;2970001518;19
7084001540000021560;2970001518;19
7086301540500021567;2970001518;19
7088601541000021574;2970001518;19
7090901541500021581;2970001518;19
7093201542000021588;2970001518;18
7095501542500021595;2970001518;19
7097801543000021602;2970001518;18
7100101543500021609;2970001518;19
7102401544000021616;2970001518;18
7104701544500021623;2970001518;19
7107001545000021630;2970001518;19
7109301545500021637;2970001518;19
7111601546000021644;2970001518;19
7113901546500021651;2970001518;19
7116201547000021658;2970001518;19
7118501547500021665;2970001518;18
7120801548000021672;2970001518;19
7123101548500021679;2970001518;18
7125401549000021686;2970001518;19
7127701549500021693;2970001518;19
7130001550000021700;2970001518;19
7132301550500021707;2970001518;19
7134601551000021714;2970001518;19
7136901551500021721;2970001518;19
7139201552000021728;2970001518;19
7141501552500021735;2970001518;19
7143801553000021742;2970001518;18
7146101553500021749;2970001518;19
7148401554000021756;2970001518;18
7150701554500021763;2970001518;19
7153001555000021770;2970001518;19
7155301555500021777;2970001518;19
7157601556000021784;2970001518;19
7159901556500021791;2970001518;19
7162201557000021798;2970001518;19
7164501557500021805;2970001518;19
7166801558000021812;2970001518;19
7169101558500021819;2970001518;18
7171401559000021826;2970001518;19
7173701559500021833;2970001518;18
7176001560000021840;2970001518;19
7178301560500021847;2970001518;19
7180601561000021854;2970001518;19
7182901561500021861;2970001518;19
7185201562000021868;2970001518;19
7187501562500021875;2970001518;19
7189801563000021882;2970001518;19
7192101563500021889;2970001518;19
7194401564000021896;2970001518;18
7196701564500021903;2970001518;19
7199001565000021910;2970001518;18
7201301565500021917;2970001518;19
7203601566000021924;2970001518;19
7205901566500021931;2970001518;19
7208201567000021938;2970001518;19
7210501567500021945;2970001518;19
7212801568000021952;2970001518;19
7215101568500021959;2970001518;18
7217401569000021966;2970001518;19
7219701569500021973;2970001518;18
7222001570000021980;2970001518;19
7224301570500021987;2970001518;18
7226601571000021994;2970001518;19
7228901571500022001;2970001518;19
7231201572000022008;2970001518;19
7233501572500022015;2970001518;19
7235801573000022022;2970001518;19
7238101573500022029;2970001518;19
7240401574000022036;2970001518;18
7242701574500022043;2970001518;19
7245001575000022050;2970001518;18
7247301575500022057;2970001518;19
7249601576000022064;2970001518;18
7251901576500022071;2970001518;19
7254201577000022078;2970001518;19
7256501577500022085;2970001518;19
7258801578000022092;2970001518;19
7261101578500022099;2970001518;19
7263401579000022106;2970001518;19
7265701579500022113;2970001518;18
7268001580000022120;2970001518;19
7270301580500022127;2970001518;18
7272601581000022134;2970001518;19
7274901581500022141;2970001518;19
7277201582000022148;2970001518;19
7279501582500022155;2970001518;19
7281801583000022162;2970001518;19
7284101583500022169;2970001518;19
7286401584000022176;2970001518;19
7288701584500022183;2970001518;19
7291001585000022190;2970001518;18
7293301585500022197;2970001518;19
7295601586000022204;2970001518;18
7297901586500022211;2970001518;19
7300201587000022218;2970001518;19
7302501587500022225;2970001518;19
7304801588000022232;2970001518;19
7307101588500022239;2970001518;19
7309401589000022246;2970001518;19
7311701589500022253;2970001518;19
7314001590000022260;2970001518;19
7316301590500022267;2970001518;18
7318601591000022274;2970001518;19
7320901591500022281;2970001518;18
7323201592000022288;2970001518;19
7325501592500022295;2970001518;19
7327801593000022302;2970001518;19
7330101593500022309;2970001518;19
7332401594000022316;2970001518;19
7334701594500022323;2970001518;19
7337001595000022330;2970001518;19
7339301595500022337;2970001518;19
7341601596000022344;2970001518;18
7343901596500022351;2970001518;19
7346201597000022358;2970001518;18
7348501597500022365;2970001518;19
7350801598000022372;2970001518;19
7353101598500022379;2970001518;19
7355401599000022386;2970001518;19
7357701599500022393;2970001518;19
7360001600000022400;2970001518;19
7362301600500022407;2970001518;18
7364601601000022414;2970001518;19
7366901601500022421;2970001518;18
7369201602000022428;2970001518;19
7371501602500022435;2970001518;18
7373801603000022442;2970001518;19
7376101603500022449;2970001518;19
7378401604000022456;2970001518;19
7380701604500022463;2970001518;19
7383001605000022470;2970001518;19
7385301605500022477;2970001518;19
7387601606000022484;2970001518;18
7389901606500022491;2970001518;19
7392201607000022498;2970001518;18
7394501607500022505;2970001518;19
7396801608000022512;2970001518;18
7399101608500022519;2970001518;19
7401401609000022526;2970001518;19
7403701609500022533;2970001518;19
7406001610000022540;2970001518;19
7408301610500022547;2970001518;19
7410601611000022554;2970001518;19
7412901611500022561;2970001518;18
7415201612000022568;2970001518;19
7417501612500022575;2970001518;18
7419801613000022582;2970001518;19
7422101613500022589;2970001518;19
7424401614000022596;2970001518;19
7426701614500022603;2970001518;19
7429001615000022610;2970001518;19
7431301615500022617;2970001518;19
7433601616000022624;2970001518;19
7435901616500022631;2970001518;19
7438201617000022638;2970001518;18
7440501617500022645;2970001518;19
7442801618000022652;2970001518;18
7445101618500022659;2970001518;19
7447401619000022666;2970001518;19
7449701619500022673;2970001518;19
7452001620000022680;2970001518;19
7454301620500022687;2970001518;19
7456601621000022694;2970001518;19
7458901621500022701;2970001518;19
7461201622000022708;2970001518;19
7463501622500022715;2970001518;18
7465801623000022722;2970001518;19
7468101623500022729;2970001518;18
7470401624000022736;2970001518;19
7472701624500022743;2970001518;19
7475001625000022750;2970001518;19
7477301625500022757;2970001518;19
7479601626000022764;2970001518;19
7481901626500022771;2970001518;19
7484201627000022778;2970001518;19
7486501627500022785;2970001518;19
7488801628000022792;2970001518;18
7491101628500022799;2970001518;19
7493401629000022806;2970001518;18
7495701629500022813;2970001518;19
7498001630000022820;2970001518;19
7500301630500022827;2970001518;19
7502601631000022834;2970001518;19
7504901631500022841;2970001518;19
7507201632000022848;2970001518;19
7509501632500022855;2970001518;18
7511801633000022862;2970001518;19
7514101633500022869;2970001518;18
7516401634000022876;2970001518;19
7518701634500022883;2970001518;18
7521001635000022890;2970001518;19
7523301635500022897;2970001518;19
7525601636000022904;2970001518;19
7527901636500022911;2970001518;19
7530201637000022918;2970001518;19
7532501637500022925;2970001518;19
7534801638000022932;2970001518;18
7537101638500022939;2970001518;19
7539401639000022946;2970001518;18
7541701639500022953;2970001518;19
7544001640000022960;2970001518;18
7546301640500022967;2970001518;19
7548601641000022974;2970001518;19
7550901641500022981;2970001518;19
7553201642000022988;2970001518;19
7555501642500022995;2970001518;19
7557801643000023002;2970001518;19
7560101643500023009;2970001518;18
7562401644000023016;2970001518;19
7564701644500023023;2970001518;18
7567001645000023030;2970001518;19
7569301645500023037;2970001518;19
7571601646000023044;2970001518;19
7573901646500023051;2970001518;19
7576201647000023058;2970001518;19
7578501647500023065;2970001518;19
7580801648000023072;2970001518;19
7583101648500023079;2970001518;19
7585401649000023086;2970001518;18
7587701649500023093;2970001518;19
7590001650000023100;2970001518;18
7592301650500023107;2970001518;19
7594601651000023114;2970001518;19
7596901651500023121;2970001518;19
7599201652000023128;2970001518;19
7601501652500023135;2970001518;19
7603801653000023142;2970001518;19
7606101653500023149;2970001518;19
7608401654000023156;2970001518;19
7610701654500023163;2970001518;18
7613001655000023170;2970001518;19
7615301655500023177;2970001518;18
7617601656000023184;2970001518;19
7619901656500023191;2970001518;19
7622201657000023198;2970001518;19
7624501657500023205;2970001518;19
7626801658000023212;2970001518;19
7629101658500023219;2970001518;19
7631401659000023226;2970001518;19
7633701659500023233;2970001518;19
7636001660000023240;2970001518;18
7638301660500023247;2970001518;19
7640601661000023254;2970001518;18
7642901661500023261;2970001518;19
7645201662000023268;2970001518;19
7647501662500023275;2970001518;19
7649801663000023282;2970001518;19
7652101663500023289;2970001518;19
7654401664000023296;2970001518;19
7656701664500023303;2970001518;18
7659001665000023310;2970001518;19
7661301665500023317;2970001518;18
7663601666000023324;2970001518;19
7665901666500023331;2970001518;18
7668201667000023338;2970001518;19
7670501667500023345;2970001518;19
7672801668000023352;2970001518;19
7675101668500023359;2970001518;19
7677401669000023366;2970001518;19
7679701669500023373;2970001518;19
7682001670000023380;2970001518;18
7684301670500023387;2970001518;19
7686601671000023394;2970001518;18
7688901671500023401;2970001518;19
7691201672000023408;2970001518;19
7693501672500023415;2970001518;19
7695801673000023422;2970001518;19
7698101673500023429;2970001518;19
7700401674000023436;2970001518;19
7702701674500023443;2970001518;19
7705001675000023450;2970001518;19
7707301675500023457;2970001518;18
7709601676000023464;2970001518;19
7711901676500023471;2970001518;18
7714201677000023478;2970001518;19
7716501677500023485;2970001518;19
7718801678000023492;2970001518;19
7721101678500023499;2970001518;19
7723401679000023506;2970001518;19
7725701679500023513;2970001518;19
7728001680000023520;2970001518;19
7730301680500023527;2970001518;19
7732601681000023534;2970001518;18
7734901681500023541;2970001518;19
7737201682000023548;2970001518;18
7739501682500023555;2970001518;19
7741801683000023562;2970001518;19
7744101683500023569;2970001518;19
7746401684000023576;2970001518;19
7748701684500023583;2970001518;19
7751001685000023590;2970001518;19
7753301685500023597;2970001518;19
7755601686000023604;2970001518;19
7757901686500023611;2970001518;18
7760201687000023618;2970001518;19
7762501687500023625;2970001518;18
7764801688000023632;2970001518;19
7767101688500023639;2970001518;19
7769401689000023646;2970001518;19
7771701689500023653;2970001518;19
7774001690000023660;2970001518;19
7776301690500023667;2970001518;19
7778601691000023674;2970001518;19
7780901691500023681;2970001518;19
7783201692000023688;2970001518;18
7785501692500023695;2970001518;19
7787801693000023702;2970001518;18
7790101693500023709;2970001518;19
7792401694000023716;2970001518;19
7794701694500023723;2970001518;19
7797001695000023730;2970001518;19
7799301695500023737;2970001518;19
7801601696000023744;2970001518;19
7803901696500023751;2970001518;18
7806201697000023758;2970001518;19
7808501697500023765;2970001518;18
7810801698000023772;2970001518;19
7813101698500023779;2970001518;18
7815401699000023786;2970001518;19
7817701699500023793;2970001518;19
7820001700000023800;2970001518;19
7822301700500023807;2970001518;19
7824601701000023814;2970001518;19
7826901701500023821;2970001518;19
7829201702000023828;2970001518;18
7831501702500023835;2970001518;19
7833801703000023842;2970001518;18
7836101703500023849;2970001518;19
7838401704000023856;2970001518;19
7840701704500023863;2970001518;19
7843001705000023870;2970001518;19
7845301705500023877;2970001518;19
7847601706000023884;2970001518;19
7849901706500023891;2970001518;19
7852201707000023898;2970001518;19
7854501707500023905;2970001518;18
7856801708000023912;2970001518;19
7859101708500023919;2970001518;18
7861401709000023926;2970001518;19
7863701709500023933;2970001518;19
7866001710000023940;2970001518;19
7868301710500023947;2970001518;19
7870601711000023954;2970001518;19
7872901711500023961;2970001518;19
7875201712000023968;2970001518;19
7877501712500023975;2970001518;19
7879801713000023982;2970001518;18
7882101713500023989;2970001518;19
7884401714000023996;2970001518;18
7886701714500024003;2970001518;19
7889001715000024010;2970001518;19
7891301715500024017;2970001518;19
7893601716000024024;2970001518;19
7895901716500024031;2970001518;19
7898201717000024038;2970001518;19
7900501717500024045;2970001518;19
7902801718000024052;2970001518;19
7905101718500024059;2970001518;18
7907401719000024066;2970001518;19
7909701719500024073;2970001518;18
7912001720000024080;2970001518;19
7914301720500024087;2970001518;19
7916601721000024094;2970001518;19
7918901721500024101;2970001518;19
7921201722000024108;2970001518;19
7923501722500024115;2970001518;19
7925801723000024122;2970001518;19
7928101723500024129;2970001518;19
7930401724000024136;2970001518;18
7932701724500024143;2970001518;19
7935001725000024150;2970001518;18
7937301725500024157;2970001518;19
7939601726000024164;2970001518;19
7941901726500024171;2970001518;19
7944201727000024178;2970001518;19
7946501727500024185;2970001518;19
7948801728000024192;2970001518;19
7951101728500024199;2970001518;18
7953401729000024206;2970001518;19
7955701729500024213;2970001518;18
7958001730000024220;2970001518;19
7960301730500024227;2970001518;18
7962601731000024234;2970001518;19
7964901731500024241;2970001518;19
7967201732000024248;2970001518;19
7969501732500024255;2970001518;19
7971801733000024262;2970001518;19
7974101733500024269;2970001518;19
7976401734000024276;2970001518;18
7978701734500024283;2970001518;19
7981001735000024290;2970001518;18
7983301735500024297;2970001518;19
7985601736000024304;2970001518;19
7987901736500024311;2970001518;19
7990201737000024318;2970001518;19
7992501737500024325;2970001518;19
7994801738000024332;2970001518;19
7997101738500024339;2970001518;19
7999401739000024346;2970001518;19
8001701739500024353;2970001518;18
8004001740000024360;2970001518;19
8006301740500024367;2970001518;18
8008601741000024374;2970001518;19
8010901741500024381;2970001518;19
8013201742000024388;2970001518;19
8015501742500024395;2970001518;19
8017801743000024402;2970001518;19
8020101743500024409;2970001518;19
8022401744000024416;2970001518;19
8024701744500024423;2970001518;19
8027001745000024430;2970001518;18
8029301745500024437;2970001518;19
8031601746000024444;2970001518;18
8033901746500024451;2970001518;19
8036201747000024458;2970001518;19
8038501747500024465;2970001518;19
8040801748000024472;2970001518;19
8043101748500024479;2970001518;19
8045401749000024486;2970001518;19
8047701749500024493;2970001518;19
8050001750000024500;2970001518;19
8052301750500024507;2970001518;18
8054601751000024514;2970001518;19
8056901751500024521;2970001518;18
8059201752000024528;2970001518;19
8061501752500024535;2970001518;19
8063801753000024542;2970001518;19
8066101753500024549;2970001518;19
8068401754000024556;2970001518;19
8070701754500024563;2970001518;19
8073001755000024570;2970001518;19
8075301755500024577;2970001518;19
8077601756000024584;2970001518;18
8079901756500024591;2970001518;19
8082201757000024598;2970001518;18
8084501757500024605;2970001518;19
8086801758000024612;2970001518;19
8089101758500024619;2970001518;19
8091401759000024626;2970001518;19
8093701759500024633;2970001518;19
8096001760000024640;2970001518;19
8098301760500024647;2970001518;18
8100601761000024654;2970001518;19
8102901761500024661;2970001518;18
8105201762000024668;2970001518;19
8107501762500024675;2970001518;19
8109801763000024682;2970001518;19
8112101763500024689;2970001518;19
8114401764000024696;2970001518;19
8116701764500024703;2970001518;19
8119001765000024710;2970001518;19
8121301765500024717;2970001518;19
8123601766000024724;2970001518;18
8125901766500024731;2970001518;19
8128201767000024738;2970001518;18
8130501767500024745;2970001518;19
8132801768000024752;2970001518;19
8135101768500024759;2970001518;19
8137401769000024766;2970001518;19
8139701769500024773;2970001518;19
8142001770000024780;2970001518;19
8144301770500024787;2970001518;19
8146601771000024794;2970001518;19
8148901771500024801;2970001518;18
8151201772000024808;2970001518;19
8153501772500024815;2970001518;18
8155801773000024822;2970001518;19
8158101773500024829;2970001518;19
8160401774000024836;2970001518;19
8162701774500024843;2970001518;19
8165001775000024850;2970001518;19
8167301775500024857;2970001518;19
8169601776000024864;2970001518;19
8171901776500024871;2970001518;19
8174201777000024878;2970001518;18
8176501777500024885;2970001518;19
8178801778000024892;2970001518;18
8181101778500024899;2970001518;19
8183401779000024906;2970001518;19
8185701779500024913;2970001518;19
8188001780000024920;2970001518;19
8190301780500024927;2970001518;19
8192601781000024934;2970001518;19
8194901781500024941;2970001518;19
8197201782000024948;2970001518;19
8199501782500024955;2970001518;18
8201801783000024962;2970001518;19
8204101783500024969;2970001518;18
8206401784000024976;2970001518;19
8208701784500024983;2970001518;19
8211001785000024990;2970001518;19
8213301785500024997;2970001518;19
8215601786000025004;2970001518;19
8217901786500025011;2970001518;19
8220201787000025018;2970001518;18
8222501787500025025;2970001518;19
8224801788000025032;2970001518;18
8227101788500025039;2970001518;19
8229401789000025046;2970001518;18
8231701789500025053;2970001518;19
8234001790000025060;2970001518;19
8236301790500025067;2970001518;19
8238601791000025074;2970001518;19
8240901791500025081;2970001518;19
8243201792000025088;2970001518;19
8245501792500025095;2970001518;18
8247801793000025102;2970001518;19
8250101793500025109;2970001518;18
8252401794000025116;2970001518;19
8254701794500025123;2970001518;19
8257001795000025130;2970001518;19
8259301795500025137;2970001518;19
8261601796000025144;2970001518;19
8263901796500025151;2970001518;19
8266201797000025158;2970001518;19
8268501797500025165;2970001518;19
8270801798000025172;2970001518;19
8273101798500025179;2970001518;19
8275401799000025186;2970001518;19
8277701799500025193;2970001518;19
8280001800000025200;2970001518;19
8282301800500025207;2970001518;19
8284601801000025214;2970001518;19
8286901801500025221;2970001518;19
8289201802000025228;2970001518;19
8291501802500025235;2970001518;19
8293801803000025242;2970001518;19
8296101803500025249;2970001518;19
8298401804000025256;2970001518;19
8300701804500025263;2970001518;19
8303001805000025270;2970001518;19
8305301805500025277;2970001518;19
8307601806000025284;2970001518;19
8309901806500025291;2970001518;19
8312201807000025298;2970001518;19
8314501807500025305;2970001518;19
8316801808000025312;2970001518;19
8319101808500025319;2970001518;19
8321401809000025326;2970001518;19
8323701809500025333;2970001518;19
8326001810000025340;2970001518;19
8328301810500025347;2970001518;19
8330601811000025354;2970001518;19
8332901811500025361;2970001518;19
8335201812000025368;2970001518;19
8337501812500025375;2970001518;19
8339801813000025382;2970001518;19
8342101813500025389;2970001518;19
8344401814000025396;2970001518;19
8346701814500025403;2970001518;19
8349001815000025410;2970001518;19
8351301815500025417;2970001518;19
8353601816000025424;2970001518;19
8355901816500025431;2970001518;19
8358201817000025438;2970001518;19
8360501817500025445;2970001518;19
8362801818000025452;2970001518;19
8365101818500025459;2970001518;19
8367401819000025466;2970001518;19
8369701819500025473;2970001518;19
8372001820000025480;2970001518;19
8374301820500025487;2970001518;19
8376601821000025494;2970001518;19
8378901821500025501;2970001518;19
8381201822000025508;2970001518;19
8383501822500025515;2970001518;19
8385801823000025522;2970001518;19
8388101823500025529;2970001518;19
8390401824000025536;2970001518;19
8392701824500025543;2970001518;19
8395001825000025550;2970001518;19
8397301825500025557;2970001518;19
8399601826000025564;2970001518;19
8401901826500025571;2970001518;19
8404201827000025578;2970001518;19
8406501827500025585;2970001518;19
8408801828000025592;2970001518;19
8411101828500025599;2970001518;19
8413401829000025606;2970001518;19
8415701829500025613;2970001518;19
8418001830000025620;2970001518;19
8420301830500025627;2970001518;19
8422601831000025634;2970001518;19
8424901831500025641;2970001518;19
8427201832000025648;2970001518;19
8429501832500025655;2970001518;19
8431801833000025662;2970001518;19
8434101833500025669;2970001518;19
8436401834000025676;2970001518;19
8438701834500025683;2970001518;19
8441001835000025690;2970001518;19
8443301835500025697;2970001518;19
8445601836000025704;2970001518;19
8447901836500025711;2970001518;19
8450201837000025718;2970001518;19
8452501837500025725;2970001518;19
8454801838000025732;2970001518;19
8457101838500025739;2970001518;19
8459401839000025746;2970001518;19
8461701839500025753;2970001518;19
8464001840000025760;2970001518;19
8466301840500025767;2970001518;19
8468601841000025774;2970001518;19
8470901841500025781;2970001518;19
8473201842000025788;2970001518;19
8475501842500025795;2970001518;19
8477801843000025802;2970001518;19
8480101843500025809;2970001518;19
8482401844000025816;2970001518;19
8484701844500025823;2970001518;19
8487001845000025830;2970001518;19
8489301845500025837;2970001518;19
8491601846000025844;2970001518;19
8493901846500025851;2970001518;19
8496201847000025858;2970001518;19
8498501847500025865;2970001518;19
8500801848000025872;2970001518;19
8503101848500025879;2970001518;19
8505401849000025886;2970001518;19
8507701849500025893;2970001518;19
8510001850000025900;2970001518;19
8512301850500025907;2970001518;19
8514601851000025914;2970001518;19
8516901851500025921;2970001518;19
8519201852000025928;2970001518;19
8521501852500025935;2970001518;19
8523801853000025942;2970001518;19
8526101853500025949;2970001518;19
8528401854000025956;2970001518;19
8530701854500025963;2970001518;19
8533001855000025970;2970001518;19
8535301855500025977;2970001518;19
8537601856000025984;2970001518;19
8539901856500025991;2970001518;19
8542201857000025998;2970001518;19
8544501857500026005;2970001518;19
8546801858000026012;2970001518;19
8549101858500026019;2970001518;19
8551401859000026026;2970001518;19
8553701859500026033;2970001518;19
8556001860000026040;2970001518;19
8558301860500026047;2970001518;19
8560601861000026054;2970001518;19
8562901861500026061;2970001518;19
8565201862000026068;2970001518;19
8567501862500026075;2970001518;19
8569801863000026082;2970001518;19
8572101863500026089;2970001518;19
8574401864000026096;2970001518;19
8576701864500026103;2970001518;19
8579001865000026110;2970001518;19
8581301865500026117;2970001518;19
8583601866000026124;2970001518;19
8585901866500026131;2970001518;19
8588201867000026138;2970001518;19
8590501867500026145;2970001518;19
8592801868000026152;2970001518;19
8595101868500026159;2970001518;19
8597401869000026166;2970001518;19
8599701869500026173;2970001518;19
8602001870000026180;2970001518;19
8604301870500026187;2970001518;19
8606601871000026194;2970001518;19
8608901871500026201;2970001518;19
8611201872000026208;2970001518;19
8613501872500026215;2970001518;19
8615801873000026222;2970001518;19
8618101873500026229;2970001518;19
8620401874000026236;2970001518;19
8622701874500026243;2970001518;19
8625001875000026250;2970001518;19
8627301875500026257;2970001518;19
8629601876000026264;2970001518;19
8631901876500026271;2970001518;19
8634201877000026278;2970001518;19
8636501877500026285;2970001518;19
8638801878000026292;2970001518;19
8641101878500026299;2970001518;19
8643401879000026306;2970001518;19
8645701879500026313;2970001518;19
8648001880000026320;2970001518;19
8650301880500026327;2970001518;19
8652601881000026334;2970001518;19
8654901881500026341;2970001518;19
8657201882000026348;2970001518;19
8659501882500026355;2970001518;19
8661801883000026362;2970001518;19
8664101883500026369;2970001518;19
8666401884000026376;2970001518;19
8668701884500026383;2970001518;19
8671001885000026390;2970001518;19
8673301885500026397;2970001518;19
8675601886000026404;2970001518;19
8677901886500026411;2970001518;19
8680201887000026418;2970001518;19
8682501887500026425;2970001518;19
8684801888000026432;2970001518;19
8687101888500026439;2970001518;19
8689401889000026446;2970001518;19
8691701889500026453;2970001518;19
8694001890000026460;2970001518;19
8696301890500026467;2970001518;19
8698601891000026474;2970001518;19
8700901891500026481;2970001518;19
8703201892000026488;2970001518;19
8705501892500026495;2970001518;19
8707801893000026502;2970001518;19
8710101893500026509;2970001518;19
8712401894000026516;2970001518;19
8714701894500026523;2970001518;19
8717001895000026530;2970001518;19
8719301895500026537;2970001518;19
8721601896000026544;2970001518;19
8723901896500026551;2970001518;19
8726201897000026558;2970001518;19
8728501897500026565;2970001518;19
8730801898000026572;2970001518;19
8733101898500026579;2970001518;19
8735401899000026586;2970001518;19
8737701899500026593;2970001518;19
8740001900000026600;2970001518;19
8742301900500026607;2970001518;19
8744601901000026614;2970001518;19
8746901901500026621;2970001518;19
8749201902000026628;2970001518;19
8751501902500026635;2970001518;19
8753801903000026642;2970001518;19
8756101903500026649;2970001518;19
8758401904000026656;2970001518;19
8760701904500026663;2970001518;19
8763001905000026670;2970001518;19
8765301905500026677;2970001518;19
8767601906000026684;2970001518;19
8769901906500026691;2970001518;19
8772201907000026698;2970001518;19
8774501907500026705;2970001518;19
8776801908000026712;2970001518;19
8779101908500026719;2970001518;19
8781401909000026726;2970001518;19
8783701909500026733;2970001518;19
8786001910000026740;2970001518;19
8788301910500026747;2970001518;19
8790601911000026754;2970001518;19
8792901911500026761;2970001518;19
8795201912000026768;2970001518;19
8797501912500026775;2970001518;19
8799801913000026782;2970001518;19
8802101913500026789;2970001518;19
8804401914000026796;2970001518;19
8806701914500026803;2970001518;19
8809001915000026810;2970001518;19
8811301915500026817;2970001518;19
8813601916000026824;2970001518;19
8815901916500026831;2970001518;19
8818201917000026838;2970001518;19
8820501917500026845;2970001518;19
8822801918000026852;2970001518;19
8825101918500026859;2970001518;19
8827401919000026866;2970001518;19
8829701919500026873;2970001518;19
8832001920000026880;2970001518;19
8834301920500026887;2970001518;19
8836601921000026894;2970001518;19
8838901921500026901;2970001518;19
8841201922000026908;2970001518;19
8843501922500026915;2970001518;19
8845801923000026922;2970001518;19
8848101923500026929;2970001518;19
8850401924000026936;2970001518;19
8852701924500026943;2970001518;19
8855001925000026950;2970001518;19
8857301925500026957;2970001518;19
8859601926000026964;2970001518;19
8861901926500026971;2970001518;19
8864201927000026978;2970001518;19
8866501927500026985;2970001518;19
8868801928000026992;2970001518;19
8871101928500026999;2970001518;19
8873401929000027006;2970001518;19
8875701929500027013;2970001518;19
8878001930000027020;2970001518;19
8880301930500027027;2970001518;19
8882601931000027034;2970001518;19
8884901931500027041;2970001518;19
8887201932000027048;2970001518;19
8889501932500027055;2970001518;19
8891801933000027062;2970001518;19
8894101933500027069;2970001518;19
8896401934000027076;2970001518;19
8898701934500027083;2970001518;19
8901001935000027090;2970001518;19
8903301935500027097;2970001518;19
8905601936000027104;2970001518;19
8907901936500027111;2970001518;19
8910201937000027118;2970001518;19
8912501937500027125;2970001518;19
8914801938000027132;2970001518;19
8917101938500027139;2970001518;19
8919401939000027146;2970001518;19
8921701939500027153;2970001518;19
8924001940000027160;2970001518;19
8926301940500027167;2970001518;19
8928601941000027174;2970001518;19
8930901941500027181;2970001518;19
8933201942000027188;2970001518;19
8935501942500027195;2970001518;19
8937801943000027202;2970001518;19
8940101943500027209;2970001518;19
8942401944000027216;2970001518;19
8944701944500027223;2970001518;19
8947001945000027230;2970001518;19
8949301945500027237;2970001518;19
8951601946000027244;2970001518;19
8953901946500027251;2970001518;19
8956201947000027258;2970001518;19
8958501947500027265;2970001518;19
8960801948000027272;2970001518;19
8963101948500027279;2970001518;19
8965401949000027286;2970001518;19
8967701949500027293;2970001518;19
8970001950000027300;2970001518;19
8972301950500027307;2970001518;19
8974601951000027314;2970001518;19
8976901951500027321;2970001518;19
8979201952000027328;2970001518;19
8981501952500027335;2970001518;19
8983801953000027342;2970001518;19
8986101953500027349;2970001518;19
8988401954000027356;2970001518;19
8990701954500027363;2970001518;19
8993001955000027370;2970001518;19
8995301955500027377;2970001518;19
8997601956000027384;2970001518;19
8999901956500027391;2970001518;19
9002201957000027398;2970001518;19
9004501957500027405;2970001518;19
9006801958000027412;2970001518;19
9009101958500027419;2970001518;19
9011401959000027426;2970001518;19
9013701959500027433;2970001518;19
9016001960000027440;2970001518;19
9018301960500027447;2970001518;19
9020601961000027454;2970001518;19
9022901961500027461;2970001518;19
9025201962000027468;2970001518;19
9027501962500027475;2970001518;19
9029801963000027482;2970001518;19
9032101963500027489;2970001518;19
9034401964000027496;2970001518;19
9036701964500027503;2970001518;19
9039001965000027510;2970001518;19
9041301965500027517;2970001518;19
9043601966000027524;2970001518;19
9045901966500027531;2970001518;19
9048201967000027538;2970001518;19
9050501967500027545;2970001518;19
9052801968000027552;2970001518;19
9055101968500027559;2970001518;19
9057401969000027566;2970001518;19
9059701969500027573;2970001518;19
9062001970000027580;2970001518;19
9064301970500027587;2970001518;19
9066601971000027594;2970001518;19
9068901971500027601;2970001518;19
9071201972000027608;2970001518;19
9073501972500027615;2970001518;19
9075801973000027622;2970001518;19
9078101973500027629;2970001518;19
9080401974000027636;2970001518;19
9082701974500027643;2970001518;19
9085001975000027650;2970001518;19
9087301975500027657;2970001518;19
9089601976000027664;2970001518;19
9091901976500027671;2970001518;19
9094201977000027678;2970001518;19
9096501977500027685;2970001518;19
9098801978000027692;2970001518;19
9101101978500027699;2970001518;19
9103401979000027706;2970001518;19
9105701979500027713;2970001518;19
9108001980000027720;2970001518;19
9110301980500027727;2970001518;19
9112601981000027734;2970001518;19
9114901981500027741;2970001518;19
9117201982000027748;2970001518;19
9119501982500027755;2970001518;19
9121801983000027762;2970001518;19
9124101983500027769;2970001518;19
9126401984000027776;2970001518;19
9128701984500027783;2970001518;19
9131001985000027790;2970001518;19
9133301985500027797;2970001518;19
9135601986000027804;2970001518;19
9137901986500027811;2970001518;19
9140201987000027818;2970001518;19
9142501987500027825;2970001518;19
9144801988000027832;2970001518;19
9147101988500027839;2970001518;19
9149401989000027846;2970001518;19
9151701989500027853;2970001518;19
9154001990000027860;2970001518;19
9156301990500027867;2970001518;19
9158601991000027874;2970001518;19
9160901991500027881;2970001518;19
9163201992000027888;2970001518;19
9165501992500027895;2970001518;19
9167801993000027902;2970001518;19
9170101993500027909;2970001518;19
9172401994000027916;2970001518;19
9174701994500027923;2970001518;19
9177001995000027930;2970001518;19
9179301995500027937;2970001518;19
9181601996000027944;2970001518;19
9183901996500027951;2970001518;19
9186201997000027958;2970001518;19
9188501997500027965;2970001518;19
9190801998000027972;2970001518;19
9193101998500027979;2970001518;19
9195401999000027986;2970001518;19
9197701999500027993;2970001518;19
9200002000000028000;2970001518;19
9202302000500028007;2970001518;19
9204602001000028014;2970001518;19
9206902001500028021;2970001518;19
9209202002000028028;2970001518;19
9211502002500028035;2970001518;19
9213802003000028042;2970001518;19
9216102003500028049;2970001518;19
9218402004000028056;2970001518;19
9220702004500028063;2970001518;19
9223002005000028070;2970001518;19
